runs_id,service_id,run_number,piece_number,start_trip_id,start_stop_id,end_trip_id,end_stop_id
948,1,101,1,1736,3122,1769,1001
992,1,102,1,2232,3122,2241,1003
962,1,103,1,1923,3122,1931,1003
937,1,104,1,1594,3122,1604,1001
976,1,105,1,2130,3122,2136,1003
994,1,106,1,2254,3122,2263,1005
931,1,107,1,1531,3122,2034,1001
939,1,108,1,1616,3122,1603,1001
958,1,109,1,1880,3122,1911,1001
927,1,110,1,1485,3122,1493,1001
978,1,111,1,2114,3122,2137,1003
996,1,112,1,2233,3122,2242,1003
933,1,113,1,1988,3122,2035,1001
964,1,114,1,1924,3122,1946,1003
960,1,115,1,1881,3122,1910,1001
932,1,116,1,2034,1001,2019,3122
938,1,117,1,1604,1001,1637,3122
955,1,118,1,1864,1001,1878,3122
979,1,119,1,2137,1003,2145,3122
1007,1,120,1,2313,1005,2323,3122
1005,1,121,1,2334,1005,2344,3122
997,1,122,1,2242,1003,2274,3122
924,1,123,1,1415,1001,1679,3122
965,1,124,1,1946,1003,1954,3122
930,1,125,1,2036,1001,1593,3122
928,1,126,1,1493,1001,1484,3122
957,1,127,1,1865,1001,1851,3122
989,1,128,1,2228,1003,2215,3122
936,1,129,1,1578,1004,1562,3122
929,1,130,1,2020,3122,2036,1001
934,1,131,1,2035,1001,2051,3122
935,1,132,1,2021,3122,1578,1004
940,1,133,1,1603,1001,1615,3122
923,1,134,1,1638,3122,1415,1001
925,1,135,1,2568,3122,1668,1001
949,1,136,1,1769,1001,1779,3122
954,1,137,1,1824,3122,1864,1001
956,1,138,1,1825,3122,1865,1001
959,1,139,1,1911,1001,1921,3122
961,1,140,1,1910,1001,1920,3122
963,1,141,1,1931,1003,1953,3122
1753,1,142,1,2494,1003,2518,3122
983,1,143,1,226,1001,268,3122
995,1,144,1,2263,1005,2252,3122
1006,1,145,1,2303,3122,2313,1005
1004,1,146,1,2324,3122,2334,1005
941,1,147,1,1720,3122,1980,1004
942,1,148,1,1980,1004,1735,3122
943,1,149,1,1957,3122,1728,1004
795,1,150,1,1728,1004,1972,3122
926,1,151,1,1668,1001,2588,3122
944,1,152,1,1705,3122,1727,1004
945,1,153,1,1727,1004,1987,3122
947,1,154,1,1768,1001,1757,3122
950,1,155,1,2977,3122,2983,1003
952,1,156,1,2961,3122,2984,1003
953,1,157,1,2984,1003,2992,3122
1756,1,158,1,2496,1003,2520,3122
1754,1,159,1,2521,3122,2495,1003
1755,1,160,1,2495,1003,2519,3122
966,1,161,1,1121,3122,2494,1003
1757,1,162,1,2523,3122,2493,1003
1758,1,163,1,2493,1003,2567,3122
970,1,165,1,2522,3122,2496,1003
982,1,167,1,1178,3122,226,1001
980,1,168,1,1180,3122,225,1001
981,1,169,1,225,1001,267,3122
985,1,170,1,227,1001,269,3122
986,1,171,1,212,3122,224,1001
987,1,172,1,224,1001,240,3122
990,1,173,1,2200,3122,2227,1003
991,1,174,1,2227,1003,2219,3122
998,1,175,1,2809,3122,2786,1003
999,1,176,1,2786,1003,2778,3122
1000,1,177,1,2794,3122,2785,1003
1001,1,178,1,2785,1003,2823,3122
1002,1,179,1,2764,3122,2816,1003
1003,1,180,1,2816,1003,2793,3122
1008,1,181,1,2413,3122,2434,1001
1009,1,182,1,2434,1001,2442,3122
1010,1,183,1,2414,3122,2435,1001
1011,1,184,1,2435,1001,2428,3122
988,1,185,1,2220,3122,2228,1003
977,1,186,1,2136,1003,2129,3122
993,1,187,1,2241,1003,2253,3122
946,1,188,1,1758,3122,1768,1001
951,1,189,1,2983,1003,2976,3122
984,1,190,1,1179,3122,227,1001
1324,2,601,1,2687,3122,2718,1001
1363,2,602,1,2161,3122,2170,1001
1315,2,603,1,2647,3122,2657,1001
1336,2,604,1,115,3122,134,1003
1359,2,605,1,1137,3122,2153,1003
1341,2,606,1,2052,3122,2097,1001
1369,2,607,1,865,3122,873,1003
1317,2,608,1,2667,3122,2656,1001
1330,2,609,1,1782,3122,1094,1003
1328,2,610,1,1087,3122,1095,1003
1334,2,611,1,62,3122,69,1003
1345,2,612,1,2084,3122,2098,1001
1362,2,613,1,1144,1003,2160,3122
1373,2,614,1,1189,1003,1211,3122
1361,2,615,1,2146,3122,1144,1003
1335,2,616,1,69,1003,1109,3122
1372,2,617,1,1197,3122,1189,1003
1370,2,618,1,873,1003,894,3122
1360,2,619,1,2153,1003,1151,3122
1337,2,620,1,134,1003,142,3122
1364,2,621,1,2170,1001,2199,3122
1346,2,622,1,2098,1001,2589,3122
1342,2,623,1,2097,1001,2590,3122
1318,2,624,1,2656,1001,2666,3122
1316,2,625,1,2657,1001,2686,3122
1325,2,626,1,2718,1001,2728,3122
1329,2,627,1,1095,1003,1797,3122
1331,2,628,1,1094,1003,1781,3122
1308,2,629,1,1,3122,1023,1001
1314,2,630,1,1521,1001,1515,3122
1343,2,631,1,2083,3122,2099,1001
1311,2,632,1,8,1001,1030,3122
1376,2,633,1,2362,3122,2354,1005
1377,2,634,1,2345,3122,2370,1005
1375,2,635,1,1204,1005,1196,3122
1374,2,636,1,1198,3122,1204,1005
1332,2,637,1,13,3122,20,1004
1333,2,638,1,20,1004,1105,3122
1365,2,639,1,2162,3122,2171,1001
1368,2,640,1,2169,1001,2198,3122
1371,2,641,1,885,1003,893,3122
1338,2,642,1,116,3122,135,1003
1382,2,643,1,2464,1001,2472,3122
1319,2,644,1,1031,3122,1052,1004
1320,2,645,1,1052,1004,1116,3122
1321,2,646,1,165,3122,184,1004
1322,2,647,1,184,1004,1045,3122
1323,2,648,1,1032,3122,1053,1004
809,2,649,1,1053,1004,1115,3122
1380,2,650,1,2444,3122,2465,1001
1381,2,651,1,2465,1001,2473,3122
1355,2,652,1,2840,3122,2862,1003
1356,2,653,1,2862,1003,2855,3122
1349,2,654,1,2824,3122,1128,1003
1350,2,655,1,1128,1003,2839,3122
1353,2,656,1,398,3122,600,1003
1354,2,657,1,600,1003,2870,3122
1357,2,658,1,2841,3122,2863,1003
1358,2,659,1,2863,1003,608,3122
1351,2,660,1,2825,3122,1129,1003
1352,2,661,1,1129,1003,1239,3122
1327,2,662,1,2715,1001,2727,3122
1347,2,663,1,580,3122,418,1003
1348,2,664,1,418,1003,1136,3122
554,2,665,1,2053,3122,2053,3122
555,2,665,2,2,3122,8,1001
1378,2,666,1,2462,1001,2464,1001
1379,2,666,2,2370,1005,2378,3122
1339,2,667,1,2166,1001,2169,1001
1340,2,667,2,135,1003,141,3122
1309,2,668,1,2445,3122,2462,1001
1310,2,668,2,1023,1001,1027,1001
1366,2,669,1,866,3122,885,1003
1367,2,669,2,2171,1001,2194,1005
606,2,670,1,2180,3122,2166,1001
607,2,670,2,2354,1005,2377,3122
1312,2,671,1,1501,3122,1521,1001
1313,2,671,2,2099,1001,2107,1001
1160,2,672,1,1027,1001,1428,3122
1326,2,673,1,2688,3122,2715,1001
1217,2,674,1,2194,1005,2197,3122
1344,2,675,1,2107,1001,2082,3122
1697,3,701,1,851,3122,857,1001
1738,3,702,1,1225,3122,1231,1005
1743,3,703,1,1246,3122,1265,1001
1739,3,704,1,1231,1005,1224,3122
1707,3,705,1,143,3122,151,1003
1671,3,706,1,2591,3122,2633,1001
1731,3,707,1,2729,3122,2738,1001
1734,3,708,1,901,1003,921,3122
1676,3,709,1,2619,3122,2635,1001
1741,3,710,1,2396,3122,2406,1005
1742,3,711,1,2380,3122,2390,1005
1727,3,712,1,1165,3122,1159,1003
1699,3,713,1,1811,3122,1819,1003
1700,3,714,1,1798,3122,1806,1003
1679,3,715,1,2620,3122,2634,1001
1670,3,716,1,938,1001,1530,3122
1706,3,717,1,107,1001,102,3122
1733,3,718,1,2752,1005,2746,3122
1732,3,719,1,2736,1001,2763,3122
1740,3,720,1,1230,1005,1238,3122
1663,3,721,1,1697,1001,1692,3122
1730,3,722,1,1170,1003,1164,3122
1703,3,723,1,56,1001,1879,3122
1737,3,724,1,914,1003,1182,3122
1744,3,725,1,1264,1001,2474,3122
1722,3,726,1,2899,3122,2884,1003
1723,3,727,1,2884,1003,2302,3122
1714,3,728,1,2898,3122,2883,1003
1715,3,729,1,2883,1003,2288,3122
1694,3,730,1,1060,3122,1080,1004
1695,3,731,1,1080,1004,2959,3122
1698,3,732,1,857,1001,1780,3122
1696,3,733,1,207,1004,1073,3122
1726,3,734,1,2880,1003,2300,3122
1684,3,735,1,2925,3122,2935,1001
1713,3,736,1,2881,1003,1245,3122
1719,3,737,1,441,1003,2897,3122
1721,3,738,1,2882,1003,2301,3122
1752,3,739,1,148,1003,1956,3122
1693,3,740,1,205,1004,2960,3122
1677,3,741,1,2592,3122,2592,3122
1678,3,741,2,1061,3122,207,1004
1685,3,742,1,2932,1001,2934,1001
1686,3,742,2,2935,1001,2958,3122
1750,3,743,1,144,3122,148,1003
1751,3,743,2,1159,1003,1161,1003
720,3,744,1,922,3122,938,1001
1736,3,744,2,2410,1005,2412,3122
1664,3,745,1,1444,3122,1696,1001
1665,3,745,2,2635,1001,989,3122
1680,3,746,1,2730,3122,2736,1001
1681,3,746,2,2634,1001,2640,1001
1682,3,747,1,1247,3122,1264,1001
1683,3,747,2,2640,1001,2646,3122
1672,3,748,1,39,3122,56,1001
1673,3,748,2,2633,1001,2637,1001
1661,3,749,1,1443,3122,1697,1001
1662,3,749,2,2738,1001,2759,1001
1674,3,750,1,911,1003,901,1003
1675,3,750,2,2637,1001,2645,3122
1668,3,751,1,191,3122,205,1004
1669,3,751,2,1700,1001,1704,3122
1666,3,752,1,895,3122,911,1003
1667,3,752,2,1696,1001,1700,1001
1724,3,753,1,2901,3122,2880,1003
1725,3,753,2,2759,1001,2762,3122
1691,3,754,1,1226,3122,1230,1005
1692,3,754,2,2938,1001,2957,3122
1689,3,755,1,2275,3122,439,1003
1690,3,755,2,2934,1001,2938,1001
1708,3,756,1,439,1003,2881,1003
1709,3,756,2,151,1003,1113,3122
1717,3,757,1,2879,1003,441,1003
1718,3,757,2,1265,1001,1271,3122
1704,3,758,1,90,3122,107,1001
1705,3,758,2,2390,1005,2411,3122
1701,3,759,1,2731,3122,2752,1005
1702,3,759,2,1806,1003,1810,3122
1728,3,760,1,1152,3122,1170,1003
1729,3,760,2,2406,1005,2410,1005
1735,3,761,1,896,3122,914,1003
721,3,761,2,1819,1003,1823,3122
1687,3,762,1,2926,3122,2932,1001
1749,3,762,2,1161,1003,1177,3122
1716,3,763,1,2900,3122,2879,1003
1720,3,764,1,425,3122,2882,1003
