trip_id,route_id,service_id,trip_headsign,block_id,shape_id
1548,3,1,Outbound,1103,27
2168,16,2,Outbound,4702,18
2086,13,2,Inbound,4104,2
2066,13,2,Outbound,4102,13
903,19,3,Outbound,5401,29
2887,14,3,Outbound,4401,14
1648,5,1,Outbound,801,41
1759,7,1,Inbound,1702,16
2566,14,1,Inbound,4403,32
165,12,2,Outbound,1502,24
2338,25,1,Inbound,6001,43
1210,22,2,Inbound,5702,5
1421,1,1,Inbound,801,34
96,10,3,Outbound,2101,10
1006,5,2,Outbound,802,41
2582,1,1,Outbound,802,22
1178,16,1,Outbound,4702,18
1495,2,1,Inbound,1001,37
1060,32,3,Outbound,1502,40
2773,23,1,Outbound,5803,1
2733,16,3,Outbound,4702,18
1153,15,3,Outbound,4601,21
2179,16,2,Outbound,4701,18
1004,5,2,Outbound,802,41
1602,4,1,Outbound,1201,0
604,23,2,Inbound,4405,4
1500,2,1,Inbound,1001,37
264,16,1,Inbound,4702,8
446,24,3,Inbound,4402,28
228,16,1,Outbound,4704,18
249,16,1,Inbound,4703,8
1637,4,1,Inbound,1201,12
2647,4,2,Outbound,1201,0
2817,24,1,Inbound,5802,28
976,3,3,Outbound,1101,27
194,12,3,Outbound,1501,24
2415,26,1,Outbound,7001,7
970,3,2,Inbound,4102,19
1889,10,1,Outbound,2102,10
189,12,2,Inbound,1503,23
1014,5,2,Outbound,802,41
1157,15,3,Outbound,4601,21
2370,25,2,Inbound,6002,43
2174,16,2,Outbound,4702,18
1588,3,1,Inbound,1103,19
993,3,3,Inbound,1102,19
2786,23,1,Inbound,5801,4
2346,25,2,Outbound,6001,3
1012,5,2,Outbound,802,41
178,12,2,Inbound,1502,23
246,16,1,Inbound,4704,8
1005,5,2,Outbound,801,41
2905,14,3,Inbound,4405,32
1890,10,1,Outbound,2101,10
1826,9,1,Outbound,2001,30
2330,25,1,Inbound,6001,43
919,19,3,Inbound,5401,35
262,16,1,Inbound,4704,8
237,16,1,Outbound,4701,18
1102,9,2,Outbound,2001,30
429,24,3,Outbound,4405,20
1258,26,3,Outbound,7001,7
2607,13,3,Outbound,1101,13
168,12,2,Outbound,1502,24
2353,25,2,Outbound,6002,3
2056,13,2,Outbound,4101,13
2510,14,1,Outbound,4401,14
2263,22,1,Inbound,5702,5
2676,4,2,Inbound,1201,12
2901,14,3,Inbound,4406,32
1019,5,2,Inbound,801,39
2890,14,3,Outbound,4405,14
2203,19,1,Outbound,5401,29
64,10,2,Outbound,2101,10
2806,24,1,Outbound,5802,20
2039,13,1,Inbound,1103,2
1232,22,3,Inbound,5702,5
2551,14,1,Inbound,4404,32
1746,7,1,Outbound,1702,11
412,24,2,Inbound,4401,28
1443,1,3,Outbound,801,22
211,12,3,Inbound,1501,23
1845,9,1,Outbound,2002,30
1188,22,2,Outbound,5702,15
1741,7,1,Outbound,1701,11
2206,19,1,Outbound,5402,29
2238,22,1,Outbound,5701,15
1236,22,3,Inbound,5702,5
1131,14,2,Outbound,4402,14
2435,26,1,Inbound,7002,6
1962,12,1,Outbound,1503,24
2137,15,1,Inbound,4602,17
2898,14,3,Inbound,4402,32
1598,4,1,Outbound,1201,0
2484,14,1,Outbound,4403,14
2987,8,1,Inbound,1801,25
2156,15,2,Outbound,4602,21
1138,15,2,Inbound,4602,17
1872,9,1,Inbound,2001,33
136,11,2,Inbound,2201,31
2697,7,2,Outbound,1701,11
1563,3,1,Inbound,1102,19
2311,25,1,Outbound,6002,3
2921,14,3,Inbound,4404,32
261,16,1,Inbound,4703,8
1406,1,1,Inbound,802,34
69,10,2,Outbound,2101,10
974,3,2,Inbound,4102,19
2401,25,3,Inbound,6002,43
1171,15,3,Inbound,4601,17
2906,14,3,Inbound,4403,32
2354,25,2,Outbound,6001,3
1689,5,3,Outbound,802,41
2392,25,3,Outbound,6002,3
2126,15,1,Outbound,4602,21
2286,23,3,Outbound,4403,1
2525,14,1,Inbound,4402,32
2382,25,3,Outbound,6002,3
1661,5,1,Inbound,801,39
2103,13,2,Inbound,4102,2
2273,22,1,Inbound,5701,5
1645,5,1,Outbound,802,41
35,9,2,Inbound,2001,33
2495,14,1,Outbound,4402,14
2492,14,1,Outbound,4403,14
83,10,2,Inbound,2101,9
2163,16,2,Outbound,4703,18
1652,5,1,Outbound,801,41
1537,3,1,Outbound,1101,27
1077,32,3,Inbound,1502,45
997,3,3,Inbound,1102,19
1533,3,1,Outbound,1101,27
913,19,3,Inbound,5401,35
2207,19,1,Outbound,5401,29
1958,12,1,Outbound,1501,24
2352,25,2,Outbound,6001,3
934,2,3,Inbound,1001,37
1530,2,3,Outbound,1001,42
1056,32,2,Inbound,1503,45
2094,13,2,Inbound,4104,2
2377,25,2,Inbound,6001,43
255,16,1,Inbound,4701,8
2003,13,1,Outbound,1102,13
1744,7,1,Outbound,1702,11
2871,14,3,Outbound,4402,14
1815,8,3,Inbound,1801,25
2335,25,1,Inbound,6002,43
591,23,2,Outbound,4403,1
902,19,3,Outbound,5402,29
866,19,2,Outbound,5402,29
1781,8,2,Outbound,1802,26
1460,1,3,Inbound,801,34
1925,11,1,Outbound,2201,36
1118,12,3,Outbound,1501,24
2428,26,1,Outbound,7002,7
144,11,3,Outbound,2202,36
1792,8,2,Inbound,1802,25
971,3,2,Inbound,4101,19
2819,24,1,Inbound,5803,28
2015,13,1,Outbound,1102,13
2610,13,3,Outbound,1104,13
1053,32,2,Inbound,1503,45
2680,4,2,Inbound,1201,12
2227,19,1,Inbound,5402,35
844,7,3,Outbound,1701,11
239,16,1,Outbound,4703,18
1985,12,1,Inbound,1502,23
444,24,3,Inbound,4403,28
58,9,3,Inbound,2001,33
23,9,2,Outbound,2001,30
2945,4,3,Inbound,1202,12
1425,1,1,Inbound,801,34
2198,16,2,Inbound,4703,8
2884,14,3,Outbound,4405,14
61,9,3,Inbound,2001,33
142,11,2,Inbound,2201,31
1181,16,1,Inbound,4702,8
1505,2,2,Outbound,1001,42
2555,14,1,Inbound,4404,32
2281,23,3,Outbound,4401,1
192,12,3,Outbound,1502,24
2959,12,3,Outbound,1502,24
71,10,2,Outbound,2101,10
1127,14,2,Outbound,4401,14
1843,9,1,Outbound,2002,30
1758,7,1,Inbound,1701,16
1008,5,2,Outbound,802,41
915,19,3,Inbound,5401,35
2561,14,1,Inbound,4402,32
1037,32,2,Outbound,1501,40
1561,3,1,Outbound,1101,27
847,7,3,Outbound,1701,11
2414,26,1,Outbound,7002,7
1468,1,3,Inbound,801,34
1185,22,2,Outbound,5701,15
1660,5,1,Inbound,802,39
1066,32,3,Outbound,1502,40
2899,14,3,Inbound,4405,32
2641,13,3,Inbound,1101,2
1233,22,3,Inbound,5701,5
1848,9,1,Outbound,2001,30
2332,25,1,Inbound,6001,43
1473,2,1,Outbound,1001,42
2597,13,3,Outbound,1102,13
2828,14,2,Inbound,4403,32
600,23,2,Inbound,4404,4
1871,9,1,Inbound,2002,33
1662,5,1,Inbound,802,39
2657,4,2,Outbound,1201,0
2847,14,2,Inbound,4406,32
81,10,2,Inbound,2101,9
166,12,2,Outbound,1501,24
1976,12,1,Inbound,1502,23
190,12,2,Inbound,1502,23
1963,12,1,Outbound,1502,24
2450,26,2,Outbound,7001,7
2671,4,2,Inbound,1202,12
1150,15,2,Inbound,4602,17
2175,16,2,Outbound,4703,18
75,10,2,Outbound,2101,10
2046,13,1,Inbound,1102,2
2407,25,3,Inbound,6002,43
2181,16,2,Inbound,4701,8
2664,4,2,Outbound,1202,0
2751,16,3,Inbound,4702,8
1016,5,2,Outbound,802,41
2567,14,1,Inbound,4404,38
2562,14,1,Inbound,4403,32
2269,22,1,Inbound,5702,5
2977,8,1,Inbound,1801,25
2516,14,1,Outbound,4403,14
2262,22,1,Inbound,5703,5
1743,7,1,Outbound,1701,11
1033,32,2,Outbound,1502,40
896,19,3,Outbound,5402,29
1769,7,1,Inbound,1702,16
197,12,3,Outbound,1501,24
2605,13,3,Outbound,1102,13
2092,13,2,Inbound,4104,2
1046,32,2,Inbound,1501,45
2000,13,1,Outbound,1103,13
1731,32,1,Inbound,1502,45
2672,4,2,Inbound,1201,12
1489,2,1,Inbound,1001,37
160,11,3,Inbound,2201,31
1230,22,3,Inbound,5702,5
2423,26,1,Outbound,7001,7
2688,7,2,Outbound,1702,11
2793,23,1,Inbound,5803,4
1262,26,3,Inbound,7002,6
1580,3,1,Inbound,1103,19
2153,15,2,Outbound,4601,21
2222,19,1,Inbound,5401,35
2504,14,1,Outbound,4403,14
2306,25,1,Outbound,6001,3
1763,7,1,Inbound,1702,16
32,9,2,Inbound,2001,33
1876,9,1,Inbound,2001,33
2399,25,3,Inbound,6002,43
1431,1,2,Inbound,801,34
2867,14,2,Outbound,4404,14
198,12,3,Outbound,1502,24
985,3,3,Outbound,1102,27
1227,22,3,Inbound,5701,5
133,11,2,Inbound,2202,31
1124,14,2,Outbound,4401,14
267,16,1,Inbound,4701,8
1547,3,1,Outbound,1102,27
1934,11,1,Outbound,2202,36
986,3,3,Outbound,1101,27
1923,11,1,Outbound,2201,36
889,19,2,Inbound,5402,35
2132,15,1,Inbound,4601,17
10,1,2,Outbound,802,22
875,19,2,Outbound,5401,29
2350,25,2,Outbound,6001,3
135,11,2,Inbound,2202,31
602,23,2,Inbound,4406,4
1789,8,2,Inbound,1801,25
2081,13,2,Outbound,4104,13
2609,13,3,Outbound,1102,13
1708,32,1,Outbound,1503,40
8,1,2,Outbound,802,22
1562,3,1,Outbound,1104,27
2054,13,2,Outbound,4102,13
2371,25,2,Inbound,6001,43
250,16,1,Inbound,4704,8
1,1,2,Outbound,801,22
2438,26,1,Inbound,7001,6
154,11,3,Inbound,2201,31
2357,25,2,Outbound,6002,3
1866,9,1,Inbound,2001,33
1686,5,3,Outbound,801,41
2084,13,2,Inbound,4104,2
2279,23,3,Outbound,4402,1
1206,22,2,Inbound,5702,5
173,12,2,Outbound,1503,24
1439,1,2,Inbound,801,34
182,12,2,Inbound,1501,23
1802,8,3,Outbound,1802,26
1998,13,1,Outbound,1104,13
131,11,2,Inbound,2202,31
122,11,2,Outbound,2202,36
2579,1,1,Outbound,801,22
2364,25,2,Inbound,6002,43
2123,15,1,Outbound,4601,21
2101,13,2,Inbound,4101,2
53,9,3,Inbound,2001,33
2192,16,2,Inbound,4703,8
2575,1,1,Outbound,801,22
945,2,3,Inbound,1001,37
2674,4,2,Inbound,1201,12
1249,26,3,Outbound,7002,7
2938,4,3,Outbound,1202,0
2180,16,2,Inbound,4703,8
2074,13,2,Outbound,4102,13
1240,24,2,Outbound,4406,20
2146,15,2,Outbound,4602,21
1478,2,1,Outbound,1001,42
2013,13,1,Outbound,1101,13
894,19,2,Inbound,5401,35
1020,5,2,Inbound,802,39
9,1,2,Outbound,801,22
2189,16,2,Inbound,4703,8
1785,8,2,Inbound,1801,25
2653,4,2,Outbound,1201,0
1711,32,1,Outbound,1503,40
2880,14,3,Outbound,4406,14
1550,3,1,Outbound,1104,27
1840,9,1,Outbound,2001,30
966,3,2,Inbound,4102,19
1975,12,1,Inbound,1503,23
2683,4,2,Inbound,1202,12
2299,23,3,Inbound,4405,4
1564,3,1,Inbound,1103,19
1559,3,1,Outbound,1102,27
849,7,3,Outbound,1701,11
37,9,2,Inbound,2001,33
1504,2,2,Outbound,1001,42
1123,14,2,Outbound,4403,14
415,24,2,Inbound,4401,28
2455,26,2,Outbound,7002,7
1951,11,1,Inbound,2201,31
410,24,2,Outbound,4404,20
1413,1,1,Inbound,801,34
840,7,3,Outbound,1701,11
2693,7,2,Outbound,1701,11
581,23,2,Outbound,4402,1
984,3,3,Outbound,1101,27
186,12,2,Inbound,1503,23
1805,8,3,Outbound,1801,26
2810,24,1,Inbound,5803,28
1813,8,3,Inbound,1801,25
2721,7,2,Inbound,1702,16
2927,4,3,Outbound,1201,0
114,10,3,Inbound,2101,9
2903,14,3,Inbound,4404,32
1105,9,2,Inbound,2001,33
431,24,3,Outbound,4404,20
172,12,2,Outbound,1501,24
917,19,3,Inbound,5401,35
2962,8,1,Outbound,1801,26
982,3,3,Outbound,1101,27
962,3,2,Inbound,4102,19
862,7,3,Inbound,1701,16
1591,3,1,Inbound,1102,19
439,24,3,Inbound,4401,28
2794,24,1,Outbound,5802,20
935,2,3,Inbound,1001,37
435,24,3,Outbound,4405,20
2917,14,3,Inbound,4405,32
28,9,2,Inbound,2001,33
13,9,2,Outbound,2001,30
2208,19,1,Outbound,5402,29
885,19,2,Inbound,5402,35
2249,22,1,Outbound,5702,15
123,11,2,Outbound,2201,36
1122,14,2,Outbound,4402,14
1902,10,1,Inbound,2102,9
2852,14,2,Inbound,4405,32
1784,8,2,Inbound,1802,25
1212,22,3,Outbound,5701,15
1079,32,3,Inbound,1501,45
1196,22,2,Outbound,5702,15
2069,13,2,Outbound,4104,13
2832,14,2,Inbound,4401,32
2110,13,2,Inbound,4104,2
1518,2,2,Inbound,1001,37
2403,25,3,Inbound,6002,43
1673,5,1,Inbound,801,39
987,3,3,Outbound,1102,27
869,19,2,Outbound,5401,29
1103,9,2,Outbound,2001,30
2691,7,2,Outbound,1701,11
2031,13,1,Inbound,1103,2
2685,4,2,Inbound,1202,12
2147,15,2,Outbound,4601,21
2221,19,1,Inbound,5402,35
1112,11,3,Inbound,2202,31
6,1,2,Outbound,802,22
960,3,2,Outbound,4101,27
1642,5,1,Outbound,801,41
2380,25,3,Outbound,6002,3
1804,8,3,Outbound,1802,26
925,2,3,Outbound,1001,42
2595,13,3,Outbound,1101,13
2431,26,1,Inbound,7002,6
2954,4,3,Inbound,1201,12
25,9,2,Outbound,2001,30
1534,3,1,Outbound,1104,27
1799,8,3,Outbound,1801,26
405,24,2,Outbound,4405,20
1514,2,2,Outbound,1001,42
2646,13,3,Inbound,1104,2
2865,14,2,Outbound,4405,14
1825,9,1,Outbound,2002,30
2138,15,1,Inbound,4601,17
2711,7,2,Inbound,1702,16
2002,13,1,Outbound,1104,13
2182,16,2,Inbound,4702,8
235,16,1,Outbound,4703,18
914,19,3,Inbound,5402,35
2791,23,1,Inbound,5802,4
2766,23,1,Outbound,5801,1
2941,4,3,Outbound,1201,0
1195,22,2,Outbound,5701,15
1999,13,1,Outbound,1102,13
1868,9,1,Inbound,2001,33
1121,14,1,Inbound,4401,32
1920,10,1,Inbound,2102,9
2111,13,2,Inbound,4102,2
2300,23,3,Inbound,4406,4
2374,25,2,Inbound,6002,43
2705,7,2,Outbound,1701,11
1918,10,1,Inbound,2102,9
2497,14,1,Outbound,4404,14
2043,13,1,Inbound,1103,2
93,10,3,Outbound,2101,10
2411,25,3,Inbound,6002,43
907,19,3,Outbound,5401,29
51,9,3,Inbound,2001,33
158,11,3,Inbound,2201,31
1558,3,1,Outbound,1104,27
2514,14,1,Outbound,4401,14
1778,7,1,Inbound,1701,16
1426,1,2,Outbound,801,22
1250,26,3,Outbound,7001,7
2388,25,3,Outbound,6002,3
140,11,2,Inbound,2201,31
944,2,3,Inbound,1001,37
2493,14,1,Outbound,4404,14
2225,19,1,Inbound,5402,35
2067,13,2,Outbound,4104,13
2247,22,1,Outbound,5701,15
1653,5,1,Outbound,802,41
2902,14,3,Inbound,4401,32
2821,24,1,Inbound,5801,28
1603,4,1,Outbound,1202,0
1779,7,1,Inbound,1702,16
1179,16,1,Outbound,4703,18
1846,9,1,Outbound,2001,30
2099,13,2,Inbound,4102,2
2815,24,1,Inbound,5801,28
2090,13,2,Inbound,4104,2
2467,26,2,Inbound,7001,6
2303,25,1,Outbound,6002,3
2553,14,1,Inbound,4402,32
1833,9,1,Outbound,2002,30
1541,3,1,Outbound,1101,27
2035,13,1,Inbound,1103,2
2544,14,1,Inbound,4401,32
2547,14,1,Inbound,4404,32
942,2,3,Inbound,1001,37
963,3,2,Inbound,4101,19
2451,26,2,Outbound,7002,7
2011,13,1,Outbound,1102,13
1938,11,1,Outbound,2202,36
1241,24,2,Inbound,4402,28
1169,15,3,Inbound,4601,17
2475,14,1,Outbound,4402,14
2237,22,1,Outbound,5702,15
2568,1,1,Outbound,802,22
1821,8,3,Inbound,1801,25
2934,4,3,Outbound,1202,0
1493,2,1,Inbound,1001,37
2453,26,2,Outbound,7002,7
1609,4,1,Outbound,1202,0
1156,15,3,Outbound,4602,21
1578,3,1,Inbound,1104,19
1527,2,2,Inbound,1001,37
2912,14,3,Inbound,4403,32
1739,7,1,Outbound,1701,11
2792,23,1,Inbound,5801,4
597,23,2,Inbound,4404,4
2297,23,3,Inbound,4406,4
1737,7,1,Outbound,1701,11
2666,4,2,Outbound,1202,0
975,3,2,Inbound,4101,19
2942,4,3,Inbound,1201,12
1650,5,1,Outbound,801,41
2375,25,2,Inbound,6001,43
2761,16,3,Inbound,4703,8
2714,7,2,Inbound,1701,16
1787,8,2,Inbound,1801,25
1043,32,2,Outbound,1501,40
66,10,2,Outbound,2101,10
1959,12,1,Outbound,1503,24
587,23,2,Outbound,4402,1
887,19,2,Inbound,5402,35
401,24,2,Outbound,4404,20
860,7,3,Inbound,1701,16
1677,5,1,Inbound,801,39
1996,13,1,Outbound,1103,13
1606,4,1,Outbound,1201,0
2417,26,1,Outbound,7001,7
1608,4,1,Outbound,1201,0
1593,3,1,Inbound,1101,19
2250,22,1,Outbound,5701,15
1408,1,1,Inbound,802,34
1193,22,2,Outbound,5701,15
2149,15,2,Outbound,4601,21
1897,10,1,Outbound,2102,10
181,12,2,Inbound,1502,23
2593,13,3,Outbound,1102,13
2910,14,3,Inbound,4402,32
2254,22,1,Inbound,5702,5
2978,8,1,Inbound,1802,25
1788,8,2,Inbound,1802,25
2460,26,2,Inbound,7002,6
70,10,2,Outbound,2101,10
1528,2,2,Inbound,1001,37
110,10,3,Inbound,2101,9
263,16,1,Inbound,4701,8
2068,13,2,Outbound,4101,13
2822,24,1,Inbound,5803,28
2397,25,3,Inbound,6002,43
2030,13,1,Inbound,1102,2
961,3,2,Inbound,4101,19
1950,11,1,Inbound,2202,31
881,19,2,Inbound,5402,35
175,12,2,Outbound,1501,24
1447,1,3,Outbound,801,22
1724,32,1,Inbound,1503,45
1146,15,2,Inbound,4602,17
2172,16,2,Outbound,4703,18
1416,1,1,Inbound,802,34
1800,8,3,Outbound,1802,26
2807,24,1,Outbound,5801,20
2935,4,3,Outbound,1201,0
1887,10,1,Outbound,2102,10
1203,22,2,Inbound,5701,5
1946,11,1,Inbound,2202,31
2892,14,3,Outbound,4406,14
2404,25,3,Inbound,6001,43
1411,1,1,Inbound,801,34
2173,16,2,Outbound,4701,18
1997,13,1,Outbound,1101,13
150,11,3,Outbound,2202,36
2799,24,1,Outbound,5803,20
973,3,2,Inbound,4101,19
904,19,3,Outbound,5402,29
2706,7,2,Outbound,1702,11
184,12,2,Inbound,1502,23
2242,22,1,Outbound,5703,15
2864,14,2,Outbound,4404,14
44,9,3,Outbound,2001,30
2062,13,2,Outbound,4102,13
2825,14,2,Inbound,4403,32
1820,8,3,Inbound,1802,25
1523,2,2,Inbound,1001,37
1927,11,1,Outbound,2201,36
2747,16,3,Inbound,4701,8
31,9,2,Inbound,2001,33
163,11,3,Inbound,2202,31
978,3,3,Outbound,1101,27
1604,4,1,Outbound,1201,0
2519,14,1,Outbound,4402,14
1535,3,1,Outbound,1102,27
2851,14,2,Inbound,4404,32
108,10,3,Inbound,2101,9
1634,4,1,Inbound,1202,12
1594,4,1,Outbound,1201,0
2,1,2,Outbound,802,22
1068,32,3,Outbound,1501,40
1599,4,1,Outbound,1202,0
1539,3,1,Outbound,1102,27
2915,14,3,Inbound,4404,32
113,10,3,Inbound,2101,9
2109,13,2,Inbound,4101,2
1246,26,3,Outbound,7001,7
152,11,3,Outbound,2202,36
937,2,3,Inbound,1001,37
1145,15,2,Inbound,4601,17
946,3,2,Outbound,4101,27
906,19,3,Outbound,5402,29
2943,4,3,Inbound,1202,12
2219,19,1,Inbound,5402,35
1715,32,1,Outbound,1502,40
157,11,3,Inbound,2202,31
994,3,3,Inbound,1101,19
149,11,3,Outbound,2201,36
1937,11,1,Outbound,2201,36
2246,22,1,Outbound,5702,15
2548,14,1,Inbound,4401,32
2412,25,3,Inbound,6001,43
411,24,2,Outbound,4405,20
1870,9,1,Inbound,2001,33
188,12,2,Inbound,1501,23
890,19,2,Inbound,5401,35
2598,13,3,Outbound,1104,13
1221,22,3,Outbound,5702,15
1264,26,3,Inbound,7002,6
2100,13,2,Inbound,4104,2
1094,8,2,Outbound,1802,26
2538,14,1,Inbound,4403,32
2395,25,3,Outbound,6001,3
2097,13,2,Inbound,4101,2
2028,13,1,Inbound,1101,2
2926,4,3,Outbound,1202,0
1272,11,2,Outbound,2201,36
2464,26,2,Inbound,7002,6
1982,12,1,Inbound,1502,23
2506,14,1,Outbound,4401,14
1869,9,1,Inbound,2002,33
2154,15,2,Outbound,4602,21
1629,4,1,Inbound,1201,12
2886,14,3,Outbound,4406,14
2162,16,2,Outbound,4702,18
1836,9,1,Outbound,2001,30
2888,14,3,Outbound,4404,14
2558,14,1,Inbound,4403,32
99,10,3,Outbound,2101,10
1727,32,1,Inbound,1503,45
929,2,3,Outbound,1001,42
1543,3,1,Outbound,1102,27
1428,1,2,Outbound,801,22
1942,11,1,Inbound,2202,31
2313,25,1,Outbound,6002,3
260,16,1,Inbound,4702,8
2071,13,2,Outbound,4104,13
2698,7,2,Outbound,1702,11
2673,4,2,Inbound,1202,12
2591,13,3,Outbound,1101,13
2020,13,1,Inbound,1101,2
1110,11,3,Outbound,2202,36
1610,4,1,Outbound,1201,0
1903,10,1,Inbound,2101,9
893,19,2,Inbound,5402,35
1161,15,3,Outbound,4601,21
2846,14,2,Inbound,4405,32
1928,11,1,Outbound,2202,36
863,7,3,Inbound,1701,16
1595,4,1,Outbound,1202,0
2654,4,2,Outbound,1202,0
2795,24,1,Outbound,5801,20
2187,16,2,Inbound,4701,8
1172,15,3,Inbound,4602,17
2253,22,1,Outbound,5701,15
1529,2,2,Inbound,1001,37
428,24,3,Outbound,4404,20
2745,16,3,Outbound,4702,18
2728,7,2,Inbound,1701,16
1436,1,2,Inbound,802,34
1412,1,1,Inbound,802,34
423,24,2,Inbound,4403,28
1209,22,2,Inbound,5701,5
1472,2,1,Outbound,1001,42
2036,13,1,Inbound,1101,2
231,16,1,Outbound,4703,18
2418,26,1,Outbound,7002,7
1154,15,3,Outbound,4602,21
1414,1,1,Inbound,802,34
1899,10,1,Outbound,2102,10
116,11,2,Outbound,2202,36
1242,24,3,Outbound,4406,20
1601,4,1,Outbound,1202,0
106,10,3,Inbound,2101,9
232,16,1,Outbound,4704,18
1888,10,1,Outbound,2101,10
2185,16,2,Inbound,4702,8
176,12,2,Outbound,1503,24
1065,32,3,Outbound,1501,40
2381,25,3,Outbound,6001,3
1486,2,1,Inbound,1001,37
2929,4,3,Outbound,1201,0
1681,5,3,Outbound,802,41
2032,13,1,Inbound,1101,2
1566,3,1,Inbound,1104,19
1941,11,1,Inbound,2201,31
1420,1,1,Inbound,802,34
876,19,2,Outbound,5402,29
2536,14,1,Inbound,4401,32
201,12,3,Outbound,1502,24
1140,15,2,Inbound,4602,17
1683,5,3,Outbound,802,41
156,11,3,Inbound,2201,31
1995,13,1,Outbound,1102,13
2446,26,2,Outbound,7001,7
2602,13,3,Outbound,1104,13
1702,5,3,Inbound,802,39
1422,1,1,Inbound,802,34
2260,22,1,Inbound,5702,5
2565,14,1,Inbound,4402,32
1415,1,1,Inbound,801,34
1969,12,1,Outbound,1502,24
180,12,2,Inbound,1503,23
1672,5,1,Inbound,802,39
1919,10,1,Inbound,2101,9
437,24,3,Inbound,4402,28
2490,14,1,Outbound,4401,14
1700,5,3,Inbound,802,39
1600,4,1,Outbound,1201,0
2087,13,2,Inbound,4102,2
2590,13,2,Inbound,4101,2
1542,3,1,Outbound,1104,27
1674,5,1,Inbound,802,39
1961,12,1,Outbound,1501,24
1039,32,2,Outbound,1502,40
27,9,2,Inbound,2001,33
2088,13,2,Inbound,4104,2
1441,1,2,Inbound,801,34
141,11,2,Inbound,2202,31
1725,32,1,Inbound,1502,45
1669,5,1,Inbound,801,39
2889,14,3,Outbound,4402,14
957,3,2,Outbound,4102,27
1691,5,3,Outbound,802,41
101,10,3,Outbound,2101,10
1964,12,1,Outbound,1501,24
1891,10,1,Outbound,2102,10
1682,5,3,Outbound,801,41
2410,25,3,Inbound,6001,43
1717,32,1,Outbound,1503,40
2241,22,1,Outbound,5701,15
1664,5,1,Inbound,802,39
2616,13,3,Outbound,1104,13
2107,13,2,Inbound,4102,2
1256,26,3,Outbound,7001,7
2118,15,1,Outbound,4602,21
989,3,3,Outbound,1102,27
254,16,1,Inbound,4704,8
2047,13,1,Inbound,1103,2
2812,24,1,Inbound,5801,28
2767,23,1,Outbound,5803,1
2202,19,1,Outbound,5402,29
12,1,2,Outbound,802,22
233,16,1,Outbound,4701,18
954,3,2,Outbound,4101,27
1993,13,1,Outbound,1101,13
1549,3,1,Outbound,1101,27
2816,24,1,Inbound,5803,28
2750,16,3,Inbound,4701,8
2473,26,2,Inbound,7001,6
49,9,3,Outbound,2001,30
134,11,2,Inbound,2201,31
2472,26,2,Inbound,7002,6
1772,7,1,Inbound,1701,16
1078,32,3,Inbound,1503,45
2787,23,1,Inbound,5803,4
43,9,3,Outbound,2001,30
594,23,2,Inbound,4404,4
1442,1,2,Inbound,802,34
2391,25,3,Outbound,6001,3
2875,14,3,Outbound,4401,14
2512,14,1,Outbound,4403,14
2125,15,1,Outbound,4601,21
2842,14,2,Inbound,4404,32
1219,22,3,Outbound,5702,15
2218,19,1,Inbound,5401,35
2946,4,3,Inbound,1201,12
2668,4,2,Inbound,1201,12
2139,15,1,Inbound,4602,17
2840,14,2,Inbound,4405,32
967,3,2,Inbound,4101,19
1817,8,3,Inbound,1801,25
1159,15,3,Outbound,4601,21
2532,14,1,Inbound,4401,32
1917,10,1,Inbound,2101,9
2744,16,3,Outbound,4701,18
2947,4,3,Inbound,1202,12
230,16,1,Outbound,4702,18
2651,4,2,Outbound,1201,0
603,23,2,Inbound,4404,4
2367,25,2,Inbound,6001,43
2540,14,1,Inbound,4401,32
1164,15,3,Outbound,4602,21
2487,14,1,Outbound,4402,14
2661,4,2,Outbound,1201,0
1589,3,1,Inbound,1101,19
1906,10,1,Inbound,2102,9
1978,12,1,Inbound,1503,23
1780,7,3,Inbound,1701,16
2124,15,1,Outbound,4602,21
2629,13,3,Inbound,1101,2
2244,22,1,Outbound,5701,15
2178,16,2,Outbound,4703,18
2010,13,1,Outbound,1104,13
2897,14,3,Outbound,4403,14
2073,13,2,Outbound,4104,13
1896,10,1,Outbound,2101,10
2104,13,2,Inbound,4104,2
1126,14,2,Outbound,4403,14
207,12,3,Inbound,1503,23
1199,22,2,Inbound,5701,5
1905,10,1,Inbound,2101,9
1659,5,1,Inbound,801,39
2634,13,3,Inbound,1104,2
1834,9,1,Outbound,2001,30
1874,9,1,Inbound,2001,33
911,19,3,Inbound,5401,35
2703,7,2,Outbound,1701,11
2426,26,1,Outbound,7002,7
2387,25,3,Outbound,6001,3
2961,8,1,Outbound,1802,26
2026,13,1,Inbound,1102,2
1516,2,2,Inbound,1001,37
1842,9,1,Outbound,2001,30
2416,26,1,Outbound,7002,7
2618,13,3,Outbound,1104,13
949,3,2,Outbound,4102,27
221,16,1,Outbound,4701,18
1822,8,3,Inbound,1802,25
2737,16,3,Outbound,4703,18
2758,16,3,Inbound,4703,8
438,24,3,Inbound,4403,28
2314,25,1,Outbound,6001,3
2164,16,2,Outbound,4701,18
1239,23,2,Outbound,4403,1
1740,7,1,Outbound,1702,11
1855,9,1,Inbound,2002,33
2637,13,3,Inbound,1101,2
1801,8,3,Outbound,1801,26
2372,25,2,Inbound,6002,43
127,11,2,Outbound,2201,36
2340,25,1,Inbound,6001,43
2468,26,2,Inbound,7002,6
1252,26,3,Outbound,7001,7
2963,8,1,Outbound,1802,26
223,16,1,Outbound,4703,18
2362,25,2,Inbound,6001,43
1761,7,1,Inbound,1702,16
2526,14,1,Inbound,4403,32
965,3,2,Inbound,4101,19
899,19,3,Outbound,5401,29
2113,14,1,Outbound,4401,14
1158,15,3,Outbound,4602,21
50,9,3,Outbound,2001,30
2965,8,1,Outbound,1802,26
1052,32,2,Inbound,1501,45
2854,14,2,Inbound,4404,32
996,3,3,Inbound,1101,19
2065,13,2,Outbound,4104,13
433,24,3,Outbound,4406,20
1211,22,2,Inbound,5701,5
2499,14,1,Outbound,4402,14
2626,13,3,Inbound,1104,2
2496,14,1,Outbound,4403,14
2677,4,2,Inbound,1202,12
1184,22,2,Outbound,5702,15
2454,26,2,Outbound,7001,7
2230,19,1,Inbound,5401,35
2823,24,1,Inbound,5802,28
2895,14,3,Outbound,4402,14
1710,32,1,Outbound,1501,40
2874,14,3,Outbound,4406,14
1704,5,3,Inbound,802,39
204,12,3,Inbound,1503,23
586,23,2,Outbound,4401,1
1966,12,1,Outbound,1502,24
2859,14,2,Outbound,4405,14
851,7,3,Inbound,1701,16
880,19,2,Inbound,5401,35
2085,13,2,Inbound,4101,2
1898,10,1,Outbound,2101,10
1911,10,1,Inbound,2101,9
1823,8,3,Inbound,1801,25
1463,1,3,Inbound,802,34
1198,22,2,Inbound,5702,5
2322,25,1,Outbound,6001,3
1214,22,3,Outbound,5701,15
1074,32,3,Inbound,1502,45
21,9,2,Outbound,2001,30
1860,9,1,Inbound,2001,33
2658,4,2,Outbound,1202,0
908,19,3,Outbound,5402,29
40,9,3,Outbound,2001,30
998,3,3,Inbound,1101,19
2033,13,1,Inbound,1104,2
2058,13,2,Outbound,4102,13
1944,11,1,Inbound,2202,31
953,3,2,Outbound,4102,27
16,9,2,Outbound,2001,30
1261,26,3,Inbound,7001,6
2684,4,2,Inbound,1201,12
1508,2,2,Outbound,1001,42
846,7,3,Outbound,1701,11
1021,5,2,Inbound,801,39
2309,25,1,Outbound,6002,3
2105,13,2,Inbound,4101,2
2270,22,1,Inbound,5701,5
2964,8,1,Outbound,1801,26
2587,1,1,Outbound,801,22
1830,9,1,Outbound,2001,30
424,24,2,Inbound,4401,28
2578,1,1,Outbound,802,22
1187,22,2,Outbound,5701,15
1453,1,3,Outbound,801,22
404,24,2,Outbound,4404,20
941,2,3,Inbound,1001,37
2115,15,1,Outbound,4601,21
2394,25,3,Outbound,6002,3
1444,1,3,Outbound,802,22
2489,14,1,Outbound,4404,14
2051,13,1,Inbound,1103,2
1235,22,3,Inbound,5701,5
2979,8,1,Inbound,1801,25
2576,1,1,Outbound,802,22
1914,10,1,Inbound,2102,9
2639,13,3,Inbound,1102,2
2615,13,3,Outbound,1101,13
1446,1,3,Outbound,802,22
595,23,2,Inbound,4405,4
1044,32,2,Outbound,1503,40
1525,2,2,Inbound,1001,37
1191,22,2,Outbound,5701,15
2210,19,1,Outbound,5402,29
2023,13,1,Inbound,1103,2
2762,16,3,Inbound,4701,8
1575,3,1,Inbound,1102,19
1205,22,2,Inbound,5701,5
1851,9,1,Outbound,2002,30
1058,32,2,Inbound,1501,45
1217,22,3,Outbound,5702,15
1010,5,2,Outbound,802,41
2586,1,1,Outbound,802,22
2550,14,1,Inbound,4403,32
1224,22,3,Outbound,5701,15
1147,15,2,Inbound,4601,17
2600,13,3,Outbound,1104,13
874,19,2,Outbound,5402,29
1452,1,3,Outbound,802,22
1824,9,1,Outbound,2001,30
2981,8,1,Inbound,1801,25
2584,1,1,Outbound,802,22
24,9,2,Outbound,2001,30
848,7,3,Outbound,1701,11
92,10,3,Outbound,2101,10
443,24,3,Inbound,4402,28
65,10,2,Outbound,2101,10
2764,23,1,Outbound,5803,1
991,3,3,Inbound,1102,19
1492,2,1,Inbound,1001,37
2925,4,3,Outbound,1201,0
2990,8,1,Inbound,1802,25
2857,14,2,Outbound,4406,14
1738,7,1,Outbound,1702,11
2201,19,1,Outbound,5401,29
2907,14,3,Inbound,4406,32
2543,14,1,Inbound,4404,32
2347,25,2,Outbound,6002,3
2557,14,1,Inbound,4402,32
1129,14,2,Outbound,4403,14
2642,13,3,Inbound,1104,2
1728,32,1,Inbound,1502,45
2716,7,2,Inbound,1701,16
2209,19,1,Outbound,5401,29
2631,13,3,Inbound,1102,2
128,11,2,Outbound,2202,36
930,2,3,Outbound,1001,42
1612,4,1,Outbound,1201,0
224,16,1,Outbound,4704,18
2448,26,2,Outbound,7001,7
78,10,2,Inbound,2101,9
2298,23,3,Inbound,4404,4
2141,15,1,Inbound,4602,17
1009,5,2,Outbound,801,41
1841,9,1,Outbound,2002,30
1908,10,1,Inbound,2102,9
857,7,3,Inbound,1701,16
402,24,2,Outbound,4405,20
2333,25,1,Inbound,6002,43
1041,32,2,Outbound,1503,40
2742,16,3,Outbound,4702,18
2165,16,2,Outbound,4702,18
1614,4,1,Outbound,1201,0
2928,4,3,Outbound,1202,0
1228,22,3,Inbound,5702,5
956,3,2,Outbound,4101,27
1023,5,2,Inbound,801,39
1586,3,1,Inbound,1104,19
2809,24,1,Inbound,5801,28
2155,15,2,Outbound,4601,21
1811,8,3,Inbound,1801,25
2368,25,2,Inbound,6002,43
1791,8,2,Inbound,1801,25
2533,14,1,Inbound,4402,32
1716,32,1,Outbound,1501,40
1752,7,1,Outbound,1702,11
2841,14,2,Inbound,4406,32
1455,1,3,Outbound,801,22
1081,32,3,Inbound,1503,45
2095,13,2,Inbound,4102,2
2432,26,1,Inbound,7001,6
2920,14,3,Inbound,4401,32
2077,13,2,Outbound,4104,13
421,24,2,Inbound,4401,28
2704,7,2,Outbound,1702,11
117,11,2,Outbound,2201,36
2991,8,1,Inbound,1801,25
1434,1,2,Inbound,802,34
120,11,2,Outbound,2202,36
229,16,1,Outbound,4701,18
1863,9,1,Inbound,2002,33
1488,2,1,Inbound,1001,37
2326,25,1,Inbound,6001,43
897,19,3,Outbound,5401,29
266,16,1,Inbound,4704,8
2760,16,3,Inbound,4702,8
19,9,2,Outbound,2001,30
1466,1,3,Inbound,801,34
1223,22,3,Outbound,5702,15
1630,4,1,Inbound,1202,12
1459,1,3,Inbound,802,34
1803,8,3,Outbound,1801,26
2130,15,1,Inbound,4601,17
1721,32,1,Inbound,1503,45
1025,5,2,Inbound,801,39
1483,2,1,Outbound,1001,42
67,10,2,Outbound,2101,10
1967,12,1,Outbound,1501,24
1628,4,1,Inbound,1202,12
1726,32,1,Inbound,1501,45
162,11,3,Inbound,2201,31
2797,24,1,Outbound,5802,20
425,24,3,Outbound,4404,20
2083,13,2,Inbound,4102,2
2231,19,1,Inbound,5402,35
1151,15,2,Inbound,4601,17
146,11,3,Outbound,2202,36
2848,14,2,Inbound,4404,32
1113,11,3,Inbound,2201,31
1200,22,2,Inbound,5702,5
2858,14,2,Outbound,4404,14
2502,14,1,Outbound,4401,14
1545,3,1,Outbound,1101,27
1695,5,3,Inbound,801,39
2224,19,1,Inbound,5401,35
252,16,1,Inbound,4702,8
2080,13,2,Outbound,4101,13
922,2,3,Outbound,1001,42
588,23,2,Outbound,4403,1
1117,12,3,Outbound,1503,24
77,10,2,Inbound,2101,9
2800,24,1,Outbound,5802,20
1098,8,2,Outbound,1802,26
2811,24,1,Inbound,5802,28
2213,19,1,Outbound,5401,29
2953,4,3,Inbound,1202,12
1497,2,1,Inbound,1001,37
2336,25,1,Inbound,6001,43
2628,13,3,Inbound,1104,2
2608,13,3,Outbound,1104,13
2341,25,1,Inbound,6002,43
1152,15,3,Outbound,4602,21
1176,15,3,Inbound,4602,17
2541,14,1,Inbound,4402,32
1569,3,1,Inbound,1101,19
2079,13,2,Outbound,4104,13
2930,4,3,Outbound,1202,0
1854,9,1,Inbound,2001,33
1026,5,2,Inbound,802,39
958,3,2,Outbound,4101,27
2511,14,1,Outbound,4402,14
2422,26,1,Outbound,7002,7
2633,13,3,Inbound,1101,2
2798,24,1,Outbound,5801,20
927,2,3,Outbound,1001,42
1070,32,3,Outbound,1503,40
2400,25,3,Inbound,6001,43
1075,32,3,Inbound,1503,45
2580,1,1,Outbound,802,22
436,24,3,Inbound,4401,28
2007,13,1,Outbound,1102,13
2801,24,1,Outbound,5801,20
80,10,2,Inbound,2101,9
2075,13,2,Outbound,4104,13
1133,14,2,Outbound,4401,14
1640,5,1,Outbound,801,41
22,9,2,Outbound,2001,30
582,23,2,Outbound,4403,1
2022,13,1,Inbound,1102,2
2190,16,2,Inbound,4701,8
1924,11,1,Outbound,2202,36
2723,7,2,Inbound,1702,16
1694,5,3,Inbound,802,39
888,19,2,Inbound,5401,35
2131,15,1,Inbound,4602,17
2144,15,1,Inbound,4601,17
1828,9,1,Outbound,2001,30
2443,26,1,Inbound,7001,6
1624,4,1,Inbound,1202,12
2243,22,1,Outbound,5702,15
981,3,3,Outbound,1102,27
1031,32,2,Outbound,1501,40
2594,13,3,Outbound,1104,13
2808,24,1,Outbound,5803,20
928,2,3,Outbound,1001,42
2588,1,1,Outbound,802,22
1177,15,3,Inbound,4601,17
2465,26,2,Inbound,7001,6
2924,14,3,Inbound,4403,32
1688,5,3,Outbound,801,41
1857,9,1,Inbound,2002,33
1433,1,2,Inbound,801,34
1573,3,1,Inbound,1101,19
2545,14,1,Inbound,4402,32
2872,14,3,Outbound,4405,14
1474,2,1,Outbound,1001,42
2776,23,1,Outbound,5803,1
1189,22,2,Outbound,5701,15
2619,13,3,Inbound,1102,2
1783,8,2,Inbound,1801,25
1134,14,2,Outbound,4402,14
2701,7,2,Outbound,1701,11
2625,13,3,Inbound,1101,2
1410,1,1,Inbound,802,34
599,23,2,Inbound,4406,4
2974,8,1,Outbound,1801,26
2581,1,1,Outbound,801,22
2940,4,3,Outbound,1202,0
2596,13,3,Outbound,1104,13
1794,8,2,Inbound,1802,25
2849,14,2,Inbound,4405,32
992,3,3,Inbound,1101,19
933,2,3,Outbound,1001,42
2157,15,2,Outbound,4601,21
2266,22,1,Inbound,5702,5
920,19,3,Inbound,5402,35
1932,11,1,Outbound,2202,36
1247,26,3,Outbound,7002,7
236,16,1,Outbound,4704,18
1225,22,3,Inbound,5701,5
1524,2,2,Inbound,1001,37
2985,8,1,Inbound,1801,25
1115,12,2,Outbound,1503,24
1819,8,3,Inbound,1801,25
88,10,2,Inbound,2101,9
1718,32,1,Outbound,1502,40
2725,7,2,Inbound,1702,16
1013,5,2,Outbound,801,41
2034,13,1,Inbound,1102,2
2790,23,1,Inbound,5803,4
1266,26,3,Inbound,7002,6
1654,5,1,Outbound,801,41
121,11,2,Outbound,2201,36
1109,10,2,Inbound,2101,9
1935,11,1,Outbound,2201,36
1229,22,3,Inbound,5701,5
1002,3,3,Inbound,1101,19
2136,15,1,Inbound,4601,17
1423,1,1,Inbound,801,34
1114,12,2,Outbound,1501,24
253,16,1,Inbound,4703,8
2601,13,3,Outbound,1102,13
1165,15,3,Inbound,4601,17
1635,4,1,Inbound,1201,12
1987,12,1,Inbound,1503,23
2027,13,1,Inbound,1103,2
98,10,3,Outbound,2101,10
38,9,2,Inbound,2001,33
2606,13,3,Outbound,1104,13
1748,7,1,Outbound,1702,11
1696,5,3,Inbound,802,39
842,7,3,Outbound,1701,11
1407,1,1,Inbound,801,34
2063,13,2,Outbound,4104,13
1647,5,1,Outbound,802,41
1626,4,1,Inbound,1202,12
947,3,2,Outbound,4102,27
2205,19,1,Outbound,5401,29
2779,23,1,Inbound,5802,4
63,10,2,Outbound,2101,10
2274,22,1,Inbound,5703,5
2025,13,1,Inbound,1104,2
923,2,3,Outbound,1001,42
2214,19,1,Outbound,5402,29
2862,14,2,Outbound,4405,14
900,19,3,Outbound,5402,29
1678,5,1,Inbound,802,39
1231,22,3,Inbound,5701,5
132,11,2,Inbound,2201,31
1086,32,3,Inbound,1502,45
1197,22,2,Inbound,5701,5
1099,8,2,Outbound,1801,26
1551,3,1,Outbound,1102,27
119,11,2,Outbound,2201,36
1496,2,1,Inbound,1001,37
2710,7,2,Inbound,1701,16
1540,3,1,Outbound,1103,27
2195,16,2,Inbound,4703,8
1611,4,1,Outbound,1202,0
2485,14,1,Outbound,4404,14
1948,11,1,Inbound,2202,31
1003,5,2,Outbound,801,41
1667,5,1,Inbound,801,39
1968,12,1,Outbound,1503,24
76,10,2,Outbound,2101,10
52,9,3,Inbound,2001,33
17,9,2,Outbound,2001,30
1213,22,3,Outbound,5702,15
2188,16,2,Inbound,4702,8
2258,22,1,Inbound,5701,5
1849,9,1,Outbound,2002,30
1034,32,2,Outbound,1501,40
891,19,2,Inbound,5402,35
2321,25,1,Outbound,6002,3
2199,16,2,Inbound,4701,8
2285,23,3,Outbound,4402,1
1445,1,3,Outbound,801,22
399,24,2,Outbound,4405,20
1730,32,1,Inbound,1503,45
257,16,1,Inbound,4703,8
234,16,1,Outbound,4702,18
2055,13,2,Outbound,4104,13
1850,9,1,Outbound,2001,30
2494,14,1,Outbound,4401,14
1590,3,1,Inbound,1104,19
1583,3,1,Inbound,1102,19
94,10,3,Outbound,2101,10
164,11,3,Inbound,2201,31
2909,14,3,Inbound,4404,32
265,16,1,Inbound,4703,8
2345,25,2,Outbound,6002,3
1620,4,1,Inbound,1202,12
1072,32,3,Outbound,1502,40
2635,13,3,Inbound,1102,2
839,7,3,Outbound,1701,11
1773,7,1,Inbound,1702,16
2640,13,3,Inbound,1104,2
2894,14,3,Outbound,4404,14
2891,14,3,Outbound,4403,14
2966,8,1,Outbound,1801,26
111,10,3,Inbound,2101,9
1757,7,1,Outbound,1701,11
406,24,2,Outbound,4406,20
2259,22,1,Inbound,5703,5
2277,23,3,Outbound,4403,1
1475,2,1,Outbound,1001,42
2755,16,3,Inbound,4703,8
1719,32,1,Outbound,1501,40
1701,5,3,Inbound,801,39
2973,8,1,Outbound,1802,26
1207,22,2,Inbound,5701,5
2632,13,3,Inbound,1104,2
1080,32,3,Inbound,1502,45
251,16,1,Inbound,4701,8
2151,15,2,Outbound,4601,21
1201,22,2,Inbound,5701,5
1767,7,1,Inbound,1702,16
2305,25,1,Outbound,6002,3
1560,3,1,Outbound,1103,27
105,10,3,Inbound,2101,9
1106,9,3,Outbound,2001,30
1658,5,1,Outbound,801,41
1597,4,1,Outbound,1202,0
605,23,2,Inbound,4406,4
2829,14,2,Inbound,4401,32
2650,4,2,Outbound,1202,0
208,12,3,Inbound,1501,23
2462,26,2,Inbound,7002,6
2272,22,1,Inbound,5702,5
2308,25,1,Outbound,6001,3
1438,1,2,Inbound,802,34
167,12,2,Outbound,1503,24
2970,8,1,Outbound,1801,26
2585,1,1,Outbound,801,22
948,3,2,Outbound,4101,27
1613,4,1,Outbound,1202,0
2611,13,3,Outbound,1101,13
1921,10,1,Inbound,2101,9
1244,24,3,Inbound,4403,28
1774,7,1,Inbound,1701,16
1893,10,1,Outbound,2102,10
214,16,1,Outbound,4702,18
837,7,3,Outbound,1701,11
1499,2,1,Inbound,1001,37
1257,26,3,Outbound,7002,7
1973,12,1,Inbound,1502,23
222,16,1,Outbound,4702,18
2152,15,2,Outbound,4602,21
873,19,2,Outbound,5401,29
1571,3,1,Inbound,1102,19
2383,25,3,Outbound,6001,3
2972,8,1,Outbound,1801,26
400,24,2,Outbound,4406,20
1091,8,2,Outbound,1801,26
1831,9,1,Outbound,2002,30
1107,9,3,Inbound,2001,33
1864,9,1,Inbound,2001,33
988,3,3,Outbound,1101,27
1957,12,1,Outbound,1502,24
2369,25,2,Inbound,6001,43
124,11,2,Outbound,2202,36
2378,25,2,Inbound,6002,43
1096,8,2,Outbound,1802,26
129,11,2,Inbound,2202,31
2736,16,3,Outbound,4702,18
2440,26,1,Inbound,7001,6
2091,13,2,Inbound,4102,2
2614,13,3,Outbound,1104,13
200,12,3,Outbound,1501,24
1085,32,3,Inbound,1501,45
598,23,2,Inbound,4405,4
2223,19,1,Inbound,5402,35
2029,13,1,Inbound,1104,2
1458,1,3,Inbound,801,34
2169,16,2,Outbound,4703,18
1587,3,1,Inbound,1102,19
1979,12,1,Inbound,1502,23
1245,24,3,Inbound,4401,28
2351,25,2,Outbound,6002,3
1720,32,1,Inbound,1501,45
2956,4,3,Inbound,1201,12
2240,22,1,Outbound,5702,15
2539,14,1,Inbound,4404,32
62,10,2,Outbound,2101,10
2373,25,2,Inbound,6001,43
856,7,3,Inbound,1701,16
932,2,3,Outbound,1001,42
2220,19,1,Inbound,5401,35
1040,32,2,Outbound,1501,40
2376,25,2,Inbound,6002,43
1723,32,1,Inbound,1501,45
2112,13,2,Inbound,4104,2
2413,26,1,Outbound,7001,7
1485,2,1,Inbound,1001,37
1503,2,2,Outbound,1001,42
2860,14,2,Outbound,4406,14
2280,23,3,Outbound,4403,1
1922,10,2,Inbound,2101,9
1067,32,3,Outbound,1503,40
1208,22,2,Inbound,5702,5
1512,2,2,Outbound,1001,42
916,19,3,Inbound,5402,35
1808,8,3,Outbound,1802,26
2143,15,1,Inbound,4602,17
2735,16,3,Outbound,4701,18
1007,5,2,Outbound,801,41
950,3,2,Outbound,4101,27
2724,7,2,Inbound,1701,16
2018,13,1,Outbound,1104,13
2796,24,1,Outbound,5803,20
1972,12,1,Outbound,1502,24
218,16,1,Outbound,4702,18
2482,14,1,Outbound,4401,14
2402,25,3,Inbound,6001,43
2466,26,2,Inbound,7002,6
2171,16,2,Outbound,4702,18
1618,4,1,Inbound,1202,12
2500,14,1,Outbound,4403,14
170,12,2,Outbound,1503,24
26,9,2,Inbound,2001,33
191,12,3,Outbound,1501,24
15,9,2,Outbound,2001,30
418,24,2,Inbound,4401,28
1076,32,3,Inbound,1501,45
225,16,1,Outbound,4701,18
2359,25,2,Outbound,6002,3
2278,23,3,Outbound,4401,1
841,7,3,Outbound,1701,11
2057,13,2,Outbound,4104,13
1136,14,2,Outbound,4401,44
2117,15,1,Outbound,4601,21
1255,26,3,Outbound,7002,7
1835,9,1,Outbound,2002,30
1082,32,3,Inbound,1501,45
972,3,2,Inbound,4102,19
601,23,2,Inbound,4405,4
1061,32,3,Outbound,1503,40
2491,14,1,Outbound,4402,14
2834,14,2,Inbound,4403,32
1143,15,2,Inbound,4601,17
2469,26,2,Inbound,7001,6
2814,24,1,Inbound,5802,28
1269,26,3,Inbound,7001,6
2949,4,3,Inbound,1202,12
2623,13,3,Inbound,1102,2
969,3,2,Inbound,4101,19
2630,13,3,Inbound,1104,2
2508,14,1,Outbound,4403,14
2675,4,2,Inbound,1202,12
1120,12,3,Inbound,1503,23
2360,25,2,Outbound,6001,3
2885,14,3,Outbound,4403,14
2501,14,1,Outbound,4404,14
2457,26,2,Outbound,7002,7
48,9,3,Outbound,2001,30
7,1,2,Outbound,801,22
2038,13,1,Inbound,1102,2
2715,7,2,Inbound,1702,16
2914,14,3,Inbound,4401,32
2652,4,2,Outbound,1202,0
1952,11,1,Inbound,2202,31
2520,14,1,Outbound,4403,14
892,19,2,Inbound,5401,35
1853,9,1,Inbound,2002,33
427,24,3,Outbound,4406,20
1190,22,2,Outbound,5702,15
968,3,2,Inbound,4102,19
2523,14,1,Inbound,4404,32
2233,22,1,Outbound,5703,15
60,9,3,Inbound,2001,33
2783,23,1,Inbound,5801,4
1048,32,2,Inbound,1502,45
910,19,3,Inbound,5402,35
995,3,3,Inbound,1102,19
1577,3,1,Inbound,1101,19
2049,13,1,Inbound,1104,2
884,19,2,Inbound,5401,35
2045,13,1,Inbound,1104,2
1498,2,1,Inbound,1001,37
2573,1,1,Outbound,801,22
1042,32,2,Outbound,1502,40
1949,11,1,Inbound,2201,31
2686,4,2,Inbound,1201,12
1226,22,3,Inbound,5702,5
1858,9,1,Inbound,2001,33
1665,5,1,Inbound,801,39
85,10,2,Inbound,2101,9
2251,22,1,Outbound,5703,15
2295,23,3,Inbound,4404,4
2408,25,3,Inbound,6001,43
1895,10,1,Outbound,2102,10
2507,14,1,Outbound,4402,14
1462,1,3,Inbound,801,34
1260,26,3,Inbound,7002,6
1506,2,2,Outbound,1001,42
1064,32,3,Outbound,1503,40
2167,16,2,Outbound,4701,18
2968,8,1,Outbound,1801,26
1095,8,2,Outbound,1801,26
1180,16,1,Inbound,4701,8
1554,3,1,Outbound,1104,27
1071,32,3,Outbound,1501,40
2128,15,1,Outbound,4602,21
2883,14,3,Outbound,4402,14
1450,1,3,Outbound,802,22
45,9,3,Outbound,2001,30
1237,22,3,Inbound,5701,5
1655,5,1,Outbound,802,41
1904,10,1,Inbound,2102,9
2780,23,1,Inbound,5801,4
1818,8,3,Inbound,1802,25
151,11,3,Outbound,2201,36
1793,8,2,Inbound,1801,25
2707,7,2,Outbound,1701,11
1268,26,3,Inbound,7002,6
2717,7,2,Inbound,1702,16
1467,1,3,Inbound,802,34
2546,14,1,Inbound,4403,32
130,11,2,Inbound,2201,31
2089,13,2,Inbound,4101,2
2856,14,2,Outbound,4405,14
2804,24,1,Outbound,5801,20
2204,19,1,Outbound,5402,29
407,24,2,Outbound,4404,20
1776,7,1,Inbound,1701,16
1482,2,1,Outbound,1001,42
1461,1,3,Inbound,802,34
2622,13,3,Inbound,1104,2
2424,26,1,Outbound,7002,7
1732,32,1,Inbound,1501,45
1194,22,2,Outbound,5702,15
1680,5,3,Outbound,801,41
1218,22,3,Outbound,5701,15
2782,23,1,Inbound,5802,4
983,3,3,Outbound,1102,27
2838,14,2,Inbound,4401,32
1592,3,1,Inbound,1103,19
1055,32,2,Inbound,1501,45
990,3,3,Inbound,1101,19
1170,15,3,Inbound,4602,17
2955,4,3,Inbound,1202,12
2916,14,3,Inbound,4402,32
2456,26,2,Outbound,7001,7
1986,12,1,Inbound,1501,23
1579,3,1,Inbound,1102,19
1222,22,3,Outbound,5701,15
2726,7,2,Inbound,1701,16
2604,13,3,Outbound,1104,13
2284,23,3,Outbound,4401,1
2271,22,1,Inbound,5703,5
219,16,1,Outbound,4703,18
1873,9,1,Inbound,2002,33
416,24,2,Inbound,4402,28
247,16,1,Inbound,4701,8
1175,15,3,Inbound,4601,17
403,24,2,Outbound,4406,20
2759,16,3,Inbound,4701,8
1417,1,1,Inbound,801,34
1166,15,3,Inbound,4602,17
2719,7,2,Inbound,1702,16
102,10,3,Outbound,2101,10
2150,15,2,Outbound,4602,21
2215,19,1,Outbound,5401,29
91,10,3,Outbound,2101,10
2405,25,3,Inbound,6002,43
2690,7,2,Outbound,1702,11
1144,15,2,Inbound,4602,17
2358,25,2,Outbound,6001,3
2695,7,2,Outbound,1701,11
2355,25,2,Outbound,6002,3
2844,14,2,Inbound,4406,32
2554,14,1,Inbound,4403,32
2730,16,3,Outbound,4702,18
1429,1,2,Inbound,801,34
1915,10,1,Inbound,2101,9
2741,16,3,Outbound,4701,18
2386,25,3,Outbound,6002,3
2293,23,3,Inbound,4405,4
1220,22,3,Outbound,5701,15
2439,26,1,Inbound,7002,6
1515,2,2,Outbound,1001,42
434,24,3,Outbound,4404,20
2805,24,1,Outbound,5803,20
1556,3,1,Outbound,1103,27
420,24,2,Inbound,4403,28
2014,13,1,Outbound,1104,13
1684,5,3,Outbound,801,41
2419,26,1,Outbound,7001,7
2569,1,1,Outbound,801,22
2720,7,2,Inbound,1701,16
1253,26,3,Outbound,7002,7
2722,7,2,Inbound,1701,16
426,24,3,Outbound,4405,20
18,9,2,Outbound,2001,30
1881,10,1,Outbound,2102,10
3,1,2,Outbound,801,22
2656,4,2,Outbound,1202,0
2535,14,1,Inbound,4404,32
2530,14,1,Inbound,4403,32
2768,23,1,Outbound,5802,1
2933,4,3,Outbound,1201,0
1437,1,2,Inbound,801,34
2752,16,3,Inbound,4703,8
2006,13,1,Outbound,1104,13
2406,25,3,Inbound,6001,43
1049,32,2,Inbound,1501,45
2498,14,1,Outbound,4401,14
952,3,2,Outbound,4101,27
2781,23,1,Inbound,5803,4
1956,11,3,Inbound,2202,31
1753,7,1,Outbound,1701,11
2061,13,2,Outbound,4104,13
1418,1,1,Inbound,802,34
1430,1,2,Inbound,802,34
1862,9,1,Inbound,2001,33
1139,15,2,Inbound,4601,17
1487,2,1,Inbound,1001,37
2577,1,1,Outbound,801,22
42,9,3,Outbound,2001,30
2261,22,1,Inbound,5701,5
155,11,3,Inbound,2202,31
2425,26,1,Outbound,7001,7
2076,13,2,Outbound,4101,13
2133,15,1,Inbound,4602,17
2434,26,1,Inbound,7001,6
29,9,2,Inbound,2001,33
1782,8,2,Inbound,1802,25
11,1,2,Outbound,801,22
2537,14,1,Inbound,4402,32
39,9,3,Outbound,2001,30
2850,14,2,Inbound,4406,32
879,19,2,Outbound,5401,29
2896,14,3,Outbound,4405,14
1879,9,3,Inbound,2001,33
100,10,3,Outbound,2101,10
2528,14,1,Inbound,4401,32
2531,14,1,Inbound,4404,32
2264,22,1,Inbound,5701,5
2429,26,1,Inbound,7002,6
104,10,3,Inbound,2101,9
845,7,3,Outbound,1701,11
2932,4,3,Outbound,1202,0
2957,4,3,Inbound,1202,12
1215,22,3,Outbound,5702,15
1424,1,1,Inbound,802,34
2986,8,1,Inbound,1802,25
2944,4,3,Inbound,1201,12
2913,14,3,Inbound,4406,32
1183,22,2,Outbound,5701,15
2749,16,3,Inbound,4703,8
2659,4,2,Outbound,1201,0
2287,23,3,Outbound,4401,1
2665,4,2,Outbound,1201,0
1419,1,1,Inbound,801,34
1810,8,3,Outbound,1802,26
1668,5,1,Inbound,802,39
2064,13,2,Outbound,4101,13
2863,14,2,Outbound,4406,14
2624,13,3,Inbound,1104,2
1685,5,3,Outbound,802,41
2344,25,1,Inbound,6001,43
2142,15,1,Inbound,4601,17
220,16,1,Outbound,4704,18
1670,5,1,Inbound,802,39
2276,23,3,Outbound,4402,1
1679,5,1,Inbound,801,39
1687,5,3,Outbound,802,41
1494,2,1,Inbound,1001,37
2363,25,2,Inbound,6001,43
592,23,2,Outbound,4401,1
244,16,1,Inbound,4702,8
109,10,3,Inbound,2101,9
2304,25,1,Outbound,6001,3
1994,13,1,Outbound,1104,13
1469,2,1,Outbound,1001,42
2194,16,2,Inbound,4702,8
2763,16,3,Inbound,4702,8
2922,14,3,Inbound,4402,32
203,12,3,Inbound,1502,23
1427,1,2,Outbound,802,22
1894,10,1,Outbound,2101,10
34,9,2,Inbound,2001,33
864,7,3,Inbound,1701,16
850,7,3,Outbound,1701,11
2290,23,3,Inbound,4405,4
2560,14,1,Inbound,4401,32
2563,14,1,Inbound,4404,32
2802,24,1,Outbound,5803,20
47,9,3,Outbound,2001,30
2301,23,3,Inbound,4404,4
126,11,2,Outbound,2202,36
2059,13,2,Outbound,4104,13
2729,16,3,Outbound,4701,18
1734,32,1,Inbound,1502,45
859,7,3,Inbound,1701,16
2256,22,1,Inbound,5703,5
2813,24,1,Inbound,5803,28
1581,3,1,Inbound,1101,19
1940,11,1,Inbound,2202,31
1251,26,3,Outbound,7002,7
1671,5,1,Inbound,801,39
2186,16,2,Inbound,4703,8
1174,15,3,Inbound,4602,17
408,24,2,Outbound,4405,20
1605,4,1,Outbound,1202,0
1160,15,3,Outbound,4602,21
2398,25,3,Inbound,6001,43
195,12,3,Outbound,1502,24
2004,13,1,Outbound,1103,13
2292,23,3,Inbound,4404,4
2017,13,1,Outbound,1101,13
2307,25,1,Outbound,6002,3
964,3,2,Inbound,4102,19
1796,8,2,Inbound,1802,25
422,24,2,Inbound,4402,28
2200,19,1,Outbound,5402,29
2129,15,1,Outbound,4601,21
1786,8,2,Inbound,1802,25
1456,1,3,Inbound,801,34
1125,14,2,Outbound,4402,14
59,9,3,Inbound,2001,33
2312,25,1,Outbound,6001,3
1714,32,1,Outbound,1503,40
2257,22,1,Inbound,5702,5
2645,13,3,Inbound,1101,2
2513,14,1,Outbound,4404,14
143,11,3,Outbound,2201,36
1636,4,1,Inbound,1202,12
1167,15,3,Inbound,4601,17
54,9,3,Inbound,2001,33
877,19,2,Outbound,5401,29
1736,7,1,Outbound,1702,11
2660,4,2,Outbound,1202,0
1839,9,1,Outbound,2002,30
256,16,1,Inbound,4702,8
2936,4,3,Outbound,1202,0
248,16,1,Inbound,4702,8
2718,7,2,Inbound,1701,16
2356,25,2,Outbound,6001,3
1754,7,1,Outbound,1702,11
1502,2,2,Outbound,1001,42
999,3,3,Inbound,1102,19
608,23,2,Inbound,4406,4
1977,12,1,Inbound,1501,23
1308,9,3,Outbound,2001,30
1063,32,3,Outbound,1502,40
2302,24,3,Outbound,4405,20
853,7,3,Inbound,1701,16
2830,14,2,Inbound,4402,32
1883,10,1,Outbound,2102,10
1615,4,1,Outbound,1202,0
1137,15,2,Inbound,4601,17
1859,9,1,Inbound,2002,33
169,12,2,Outbound,1501,24
2818,24,1,Inbound,5801,28
1531,3,1,Outbound,1102,27
1749,7,1,Outbound,1701,11
1875,9,1,Inbound,2002,33
1084,32,3,Inbound,1503,45
2488,14,1,Outbound,4403,14
2689,7,2,Outbound,1701,11
1513,2,2,Outbound,1001,42
1631,4,1,Inbound,1201,12
1490,2,1,Inbound,1001,37
2390,25,3,Outbound,6002,3
1582,3,1,Inbound,1104,19
1617,4,1,Inbound,1201,12
30,9,2,Inbound,2001,33
2727,7,2,Inbound,1702,16
870,19,2,Outbound,5402,29
1762,7,1,Inbound,1701,16
918,19,3,Inbound,5402,35
185,12,2,Inbound,1501,23
2969,8,1,Outbound,1802,26
1756,7,1,Outbound,1702,11
1814,8,3,Inbound,1802,25
2008,13,1,Outbound,1103,13
2893,14,3,Outbound,4401,14
2589,13,2,Outbound,4104,13
2522,14,1,Inbound,4403,32
2967,8,1,Outbound,1802,26
2458,26,2,Outbound,7001,7
2474,26,3,Outbound,7002,7
2445,26,2,Outbound,7002,7
2831,14,2,Inbound,4403,32
2982,8,1,Inbound,1802,25
1760,7,1,Inbound,1701,16
2636,13,3,Inbound,1104,2
2310,25,1,Outbound,6001,3
1243,24,3,Outbound,4404,20
1069,32,3,Outbound,1502,40
2328,25,1,Inbound,6001,43
2900,14,3,Inbound,4403,32
2613,13,3,Outbound,1102,13
1856,9,1,Inbound,2001,33
2366,25,2,Inbound,6002,43
2612,13,3,Outbound,1104,13
1777,7,1,Inbound,1702,16
179,12,2,Inbound,1501,23
2592,13,3,Outbound,1103,13
2754,16,3,Inbound,4702,8
1865,9,1,Inbound,2002,33
268,16,1,Inbound,4702,8
215,16,1,Outbound,4703,18
2232,22,1,Outbound,5701,15
1867,9,1,Inbound,2002,33
1666,5,1,Inbound,802,39
20,9,2,Outbound,2001,30
868,19,2,Outbound,5402,29
2449,26,2,Outbound,7002,7
871,19,2,Outbound,5401,29
5,1,2,Outbound,801,22
41,9,3,Outbound,2001,30
1675,5,1,Inbound,801,39
245,16,1,Inbound,4703,8
2919,14,3,Inbound,4406,32
2515,14,1,Outbound,4402,14
1929,11,1,Outbound,2201,36
153,11,3,Outbound,2201,36
1270,26,3,Inbound,7002,6
125,11,2,Outbound,2201,36
977,3,3,Outbound,1102,27
2777,23,1,Outbound,5802,1
1722,32,1,Inbound,1502,45
1135,14,2,Outbound,4403,14
2746,16,3,Outbound,4703,18
1015,5,2,Outbound,801,41
409,24,2,Outbound,4406,20
2009,13,1,Outbound,1101,13
2571,1,1,Outbound,801,22
940,2,3,Inbound,1001,37
1111,11,3,Outbound,2201,36
240,16,1,Outbound,4704,18
1024,5,2,Inbound,802,39
2116,15,1,Outbound,4602,21
1555,3,1,Outbound,1102,27
2820,24,1,Inbound,5802,28
1965,12,1,Outbound,1503,24
2983,8,1,Inbound,1801,25
89,10,2,Inbound,2101,9
1100,8,2,Outbound,1802,26
1532,3,1,Outbound,1103,27
2444,26,2,Outbound,7001,7
1616,4,1,Inbound,1202,12
1619,4,1,Inbound,1201,12
2176,16,2,Outbound,4701,18
1238,22,3,Inbound,5702,5
2127,15,1,Outbound,4601,21
1449,1,3,Outbound,801,22
2318,25,1,Outbound,6001,3
1018,5,2,Inbound,802,39
1119,12,3,Inbound,1502,23
1479,2,1,Outbound,1001,42
2621,13,3,Inbound,1101,2
2620,13,3,Inbound,1104,2
103,10,3,Inbound,2101,9
1980,12,1,Inbound,1501,23
1632,4,1,Inbound,1202,12
36,9,2,Inbound,2001,33
1216,22,3,Outbound,5701,15
1101,8,2,Outbound,1801,26
1409,1,1,Inbound,801,34
2678,4,2,Inbound,1201,12
596,23,2,Inbound,4406,4
1983,12,1,Inbound,1501,23
1844,9,1,Outbound,2001,30
1735,32,1,Inbound,1501,45
199,12,3,Outbound,1503,24
398,24,2,Outbound,4404,20
1939,11,1,Inbound,2201,31
33,9,2,Inbound,2001,33
2158,15,2,Outbound,4602,21
2316,25,1,Outbound,6001,3
147,11,3,Outbound,2201,36
2050,13,1,Inbound,1102,2
206,12,3,Inbound,1502,23
2102,13,2,Inbound,4104,2
872,19,2,Outbound,5402,29
1047,32,2,Inbound,1503,45
2082,13,2,Outbound,4102,13
936,2,3,Inbound,1001,37
589,23,2,Outbound,4401,1
441,24,3,Inbound,4403,28
1936,11,1,Outbound,2202,36
226,16,1,Outbound,4702,18
2361,25,2,Outbound,6002,3
107,10,3,Inbound,2101,9
1880,10,1,Outbound,2101,10
241,16,1,Inbound,4703,8
1130,14,2,Outbound,4401,14
1960,12,1,Outbound,1502,24
2984,8,1,Inbound,1802,25
417,24,2,Inbound,4403,28
2379,25,2,Inbound,6002,43
414,24,2,Inbound,4403,28
1309,11,2,Inbound,2201,31
1032,32,2,Outbound,1503,40
2669,4,2,Inbound,1202,12
2687,7,2,Outbound,1701,11
171,12,2,Outbound,1502,24
2835,14,2,Inbound,4401,32
1882,10,1,Outbound,2101,10
2040,13,1,Inbound,1101,2
1699,5,3,Inbound,801,39
2159,15,2,Outbound,4601,21
2447,26,2,Outbound,7002,7
901,19,3,Outbound,5401,29
926,2,3,Outbound,1001,42
1627,4,1,Inbound,1201,12
1168,15,3,Inbound,4602,17
2052,13,2,Outbound,4101,13
1847,9,1,Outbound,2002,30
2599,13,3,Outbound,1101,13
1955,11,3,Outbound,2202,36
2041,13,1,Inbound,1104,2
2319,25,1,Outbound,6002,3
2019,13,1,Outbound,1102,13
269,16,1,Inbound,4703,8
2976,8,1,Outbound,1801,26
2365,25,2,Inbound,6001,43
959,3,2,Outbound,4102,27
2696,7,2,Outbound,1702,11
1638,5,1,Outbound,801,41
1567,3,1,Inbound,1102,19
882,19,2,Inbound,5401,35
1878,9,1,Inbound,2001,33
1192,22,2,Outbound,5702,15
2644,13,3,Inbound,1104,2
2441,26,1,Inbound,7002,6
2148,15,2,Outbound,4602,21
1622,4,1,Inbound,1202,12
2788,23,1,Inbound,5802,4
2072,13,2,Outbound,4101,13
2481,14,1,Outbound,4404,14
97,10,3,Outbound,2101,10
1038,32,2,Outbound,1503,40
843,7,3,Outbound,1701,11
931,2,3,Outbound,1001,42
212,16,1,Outbound,4704,18
1970,12,1,Outbound,1501,24
2789,23,1,Inbound,5801,4
2785,23,1,Inbound,5802,4
2268,22,1,Inbound,5703,5
898,19,3,Outbound,5402,29
1552,3,1,Outbound,1103,27
2096,13,2,Inbound,4104,2
1507,2,2,Outbound,1001,42
1892,10,1,Outbound,2101,10
238,16,1,Outbound,4702,18
955,3,2,Outbound,4102,27
2549,14,1,Inbound,4402,32
2743,16,3,Outbound,4703,18
1901,10,1,Inbound,2101,9
1676,5,1,Inbound,802,39
217,16,1,Outbound,4701,18
1029,5,2,Inbound,801,39
2524,14,1,Inbound,4401,32
2756,16,3,Inbound,4701,8
1092,8,2,Outbound,1802,26
2824,14,2,Inbound,4402,32
1520,2,2,Inbound,1001,37
2436,26,1,Inbound,7001,6
2217,19,1,Inbound,5402,35
2521,14,1,Inbound,4402,32
2853,14,2,Inbound,4406,32
852,7,3,Inbound,1701,16
1861,9,1,Inbound,2002,33
1933,11,1,Outbound,2201,36
1657,5,1,Outbound,802,41
1510,2,2,Outbound,1001,42
1623,4,1,Inbound,1201,12
137,11,2,Inbound,2202,31
2648,4,2,Outbound,1202,0
1621,4,1,Inbound,1201,12
2384,25,3,Outbound,6002,3
2784,23,1,Inbound,5803,4
1087,8,2,Outbound,1801,26
2861,14,2,Outbound,4404,14
943,2,3,Inbound,1001,37
2803,24,1,Outbound,5802,20
1974,12,1,Inbound,1501,23
2122,15,1,Outbound,4602,21
1484,2,1,Outbound,1001,42
1028,5,2,Inbound,802,39
2702,7,2,Outbound,1702,11
2135,15,1,Inbound,4602,17
1639,5,1,Outbound,802,41
2564,14,1,Inbound,4401,32
202,12,3,Inbound,1501,23
1030,5,2,Inbound,802,39
1035,32,2,Outbound,1503,40
1519,2,2,Inbound,1001,37
2177,16,2,Outbound,4702,18
1148,15,2,Inbound,4602,17
2655,4,2,Outbound,1201,0
1797,8,2,Inbound,1801,25
1644,5,1,Outbound,801,41
1837,9,1,Outbound,2002,30
2670,4,2,Inbound,1201,12
1022,5,2,Inbound,802,39
1546,3,1,Outbound,1104,27
1770,7,1,Inbound,1701,16
1775,7,1,Inbound,1702,16
242,16,1,Inbound,4704,8
1454,1,3,Outbound,802,22
2649,4,2,Outbound,1201,0
1991,13,1,Outbound,1102,13
1116,12,2,Inbound,1501,23
2396,25,3,Inbound,6001,43
2879,14,3,Outbound,4403,14
1992,13,1,Outbound,1103,13
580,23,2,Outbound,4401,1
1570,3,1,Inbound,1104,19
2021,13,1,Inbound,1104,2
2327,25,1,Inbound,6002,43
1155,15,3,Outbound,4601,21
2461,26,2,Inbound,7001,6
2343,25,1,Inbound,6002,43
2836,14,2,Inbound,4402,32
2389,25,3,Outbound,6001,3
2483,14,1,Outbound,4402,14
2480,14,1,Outbound,4403,14
1877,9,1,Inbound,2002,33
2183,16,2,Inbound,4703,8
2145,15,1,Inbound,4602,17
1751,7,1,Outbound,1701,11
1707,32,1,Outbound,1501,40
1182,19,3,Inbound,5402,35
1149,15,2,Inbound,4601,17
2048,13,1,Inbound,1101,2
1692,5,3,Outbound,801,41
1089,8,2,Outbound,1801,26
1765,7,1,Inbound,1702,16
2878,14,3,Outbound,4405,14
1745,7,1,Outbound,1701,11
1703,5,3,Inbound,801,39
1910,10,1,Inbound,2102,9
1057,32,2,Inbound,1502,45
2989,8,1,Inbound,1801,25
2918,14,3,Inbound,4403,32
2427,26,1,Outbound,7001,7
73,10,2,Outbound,2101,10
258,16,1,Inbound,4704,8
2771,23,1,Outbound,5802,1
2193,16,2,Inbound,4701,8
607,23,2,Inbound,4405,4
2161,16,2,Outbound,4701,18
2324,25,1,Inbound,6001,43
2638,13,3,Inbound,1104,2
1162,15,3,Outbound,4602,21
2470,26,2,Inbound,7002,6
2843,14,2,Inbound,4405,32
1051,32,2,Inbound,1502,45
2988,8,1,Inbound,1802,25
1909,10,1,Inbound,2101,9
1186,22,2,Outbound,5702,15
1263,26,3,Inbound,7001,6
46,9,3,Outbound,2001,30
1234,22,3,Inbound,5702,5
2681,4,2,Inbound,1202,12
2682,4,2,Inbound,1201,12
2556,14,1,Inbound,4401,32
1574,3,1,Inbound,1104,19
87,10,2,Inbound,2101,9
1000,3,3,Inbound,1101,19
2503,14,1,Outbound,4402,14
2197,16,2,Inbound,4702,8
419,24,2,Inbound,4402,28
858,7,3,Inbound,1701,16
2108,13,2,Inbound,4104,2
2868,14,2,Outbound,4405,14
2005,13,1,Outbound,1101,13
1477,2,1,Outbound,1001,42
193,12,3,Outbound,1503,24
2012,13,1,Outbound,1103,13
2342,25,1,Inbound,6001,43
1521,2,2,Inbound,1001,37
1990,13,1,Outbound,1104,13
442,24,3,Inbound,4401,28
2211,19,1,Outbound,5401,29
2948,4,3,Inbound,1201,12
2442,26,1,Inbound,7001,6
2950,4,3,Inbound,1201,12
95,10,3,Outbound,2101,10
2855,14,2,Inbound,4405,38
1248,26,3,Outbound,7001,7
1852,9,1,Inbound,2001,33
1471,2,1,Outbound,1001,42
2534,14,1,Inbound,4403,32
2463,26,2,Inbound,7001,6
1440,1,2,Inbound,802,34
2739,16,3,Outbound,4702,18
2663,4,2,Outbound,1201,0
1062,32,3,Outbound,1501,40
2289,23,3,Inbound,4404,4
4,1,2,Outbound,802,22
1465,1,3,Inbound,802,34
2778,23,1,Outbound,5801,1
1829,9,1,Outbound,2002,30
1001,3,3,Inbound,1102,19
1984,12,1,Inbound,1503,23
2420,26,1,Outbound,7002,7
905,19,3,Outbound,5401,29
2826,14,2,Inbound,4401,32
74,10,2,Outbound,2101,10
2337,25,1,Inbound,6002,43
2235,22,1,Outbound,5701,15
1926,11,1,Outbound,2202,36
2527,14,1,Inbound,4404,32
1544,3,1,Outbound,1103,27
209,12,3,Inbound,1502,23
1764,7,1,Inbound,1701,16
2024,13,1,Inbound,1101,2
2904,14,3,Inbound,4402,32
1572,3,1,Inbound,1103,19
174,12,2,Outbound,1502,24
2070,13,2,Outbound,4102,13
2542,14,1,Inbound,4403,32
1742,7,1,Outbound,1702,11
138,11,2,Inbound,2201,31
2212,19,1,Outbound,5402,29
2951,4,3,Inbound,1202,12
2291,23,3,Inbound,4406,4
196,12,3,Outbound,1503,24
1017,5,2,Inbound,801,39
909,19,3,Inbound,5401,35
1088,8,2,Outbound,1802,26
2093,13,2,Inbound,4101,2
2923,14,3,Inbound,4405,32
838,7,3,Outbound,1701,11
1271,26,3,Inbound,7001,6
2349,25,2,Outbound,6002,3
2275,23,3,Outbound,4401,1
2184,16,2,Inbound,4701,8
56,9,3,Inbound,2001,33
1267,26,3,Inbound,7001,6
2748,16,3,Inbound,4702,8
2119,15,1,Outbound,4601,21
139,11,2,Inbound,2202,31
921,19,3,Inbound,5401,35
2827,14,2,Inbound,4402,32
115,11,2,Outbound,2201,36
2329,25,1,Inbound,6002,43
1713,32,1,Outbound,1501,40
2679,4,2,Inbound,1202,12
1945,11,1,Inbound,2201,31
1729,32,1,Inbound,1501,45
980,3,3,Outbound,1101,27
445,24,3,Inbound,4401,28
2267,22,1,Inbound,5701,5
2603,13,3,Outbound,1101,13
183,12,2,Inbound,1503,23
1027,5,2,Inbound,801,39
2430,26,1,Inbound,7001,6
2931,4,3,Outbound,1201,0
1750,7,1,Outbound,1702,11
2952,4,3,Inbound,1201,12
2437,26,1,Inbound,7002,6
2509,14,1,Outbound,4404,14
1511,2,2,Outbound,1001,42
979,3,3,Outbound,1102,27
2971,8,1,Outbound,1802,26
1584,3,1,Inbound,1103,19
2873,14,3,Outbound,4403,14
2662,4,2,Outbound,1202,0
939,2,3,Inbound,1001,37
1953,11,1,Inbound,2201,31
1464,1,3,Inbound,801,34
1536,3,1,Outbound,1103,27
2393,25,3,Outbound,6001,3
2317,25,1,Outbound,6002,3
1693,5,3,Inbound,801,39
1480,2,1,Outbound,1001,42
2980,8,1,Inbound,1802,25
2160,15,2,Outbound,4602,21
2170,16,2,Outbound,4701,18
2016,13,1,Outbound,1103,13
2643,13,3,Inbound,1102,2
1141,15,2,Inbound,4601,17
878,19,2,Outbound,5402,29
1943,11,1,Inbound,2201,31
2060,13,2,Outbound,4101,13
2713,7,2,Inbound,1702,16
2245,22,1,Outbound,5703,15
1812,8,3,Inbound,1802,25
2053,13,2,Outbound,4103,13
216,16,1,Outbound,4704,18
79,10,2,Inbound,2101,9
1432,1,2,Inbound,802,34
1083,32,3,Inbound,1502,45
1522,2,2,Inbound,1001,37
2505,14,1,Outbound,4404,14
2486,14,1,Outbound,4401,14
2877,14,3,Outbound,4402,14
2196,16,2,Inbound,4701,8
2911,14,3,Inbound,4405,32
1771,7,1,Inbound,1702,16
2617,13,3,Outbound,1102,13
2044,13,1,Inbound,1101,2
951,3,2,Outbound,4102,27
1045,32,2,Outbound,1502,40
1755,7,1,Outbound,1701,11
2774,23,1,Outbound,5802,1
2770,23,1,Outbound,5803,1
213,16,1,Outbound,4701,18
2975,8,1,Outbound,1802,26
243,16,1,Inbound,4701,8
1827,9,1,Outbound,2002,30
2433,26,1,Inbound,7002,6
1451,1,3,Outbound,801,22
1795,8,2,Inbound,1801,25
1706,32,1,Outbound,1502,40
2694,7,2,Outbound,1702,11
205,12,3,Inbound,1501,23
2699,7,2,Outbound,1701,11
1709,32,1,Outbound,1502,40
1104,9,2,Inbound,2001,33
1832,9,1,Outbound,2001,30
606,23,2,Inbound,4404,4
1698,5,3,Inbound,802,39
1254,26,3,Outbound,7001,7
1646,5,1,Outbound,801,41
82,10,2,Inbound,2101,9
861,7,3,Inbound,1701,16
1633,4,1,Inbound,1201,12
2421,26,1,Outbound,7001,7
2339,25,1,Inbound,6002,43
865,19,2,Outbound,5401,29
1931,11,1,Outbound,2201,36
187,12,2,Inbound,1502,23
2459,26,2,Inbound,7001,6
2282,23,3,Outbound,4402,1
2409,25,3,Inbound,6002,43
2255,22,1,Inbound,5701,5
57,9,3,Inbound,2001,33
2775,23,1,Outbound,5801,1
2166,16,2,Outbound,4703,18
1884,10,1,Outbound,2101,10
118,11,2,Outbound,2202,36
2559,14,1,Inbound,4404,32
2452,26,2,Outbound,7001,7
2283,23,3,Outbound,4403,1
590,23,2,Outbound,4402,1
413,24,2,Inbound,4402,28
583,23,2,Outbound,4401,1
1690,5,3,Outbound,801,41
1050,32,2,Inbound,1503,45
259,16,1,Inbound,4701,8
1553,3,1,Outbound,1101,27
2134,15,1,Inbound,4601,17
2248,22,1,Outbound,5703,15
86,10,2,Inbound,2101,9
1798,8,3,Outbound,1802,26
1712,32,1,Outbound,1502,40
1697,5,3,Inbound,801,39
2385,25,3,Outbound,6001,3
2315,25,1,Outbound,6002,3
148,11,3,Outbound,2202,36
177,12,2,Outbound,1502,24
2570,1,1,Outbound,802,22
145,11,3,Outbound,2201,36
1816,8,3,Inbound,1802,25
2769,23,1,Outbound,5801,1
2234,22,1,Outbound,5702,15
1435,1,2,Inbound,801,34
2191,16,2,Inbound,4702,8
2529,14,1,Inbound,4402,32
1981,12,1,Inbound,1503,23
1988,13,1,Outbound,1103,13
1733,32,1,Inbound,1503,45
2708,7,2,Inbound,1701,16
2552,14,1,Inbound,4401,32
2320,25,1,Outbound,6001,3
1011,5,2,Outbound,801,41
867,19,2,Outbound,5401,29
2121,15,1,Outbound,4601,21
2738,16,3,Outbound,4701,18
2753,16,3,Inbound,4701,8
2692,7,2,Outbound,1702,11
1790,8,2,Inbound,1802,25
2869,14,2,Outbound,4406,14
1607,4,1,Outbound,1202,0
2334,25,1,Inbound,6001,43
2114,15,1,Outbound,4602,21
2252,22,1,Outbound,5702,15
1476,2,1,Outbound,1001,42
1705,32,1,Outbound,1503,40
855,7,3,Inbound,1701,16
14,9,2,Outbound,2001,30
1912,10,1,Inbound,2102,9
1059,32,2,Inbound,1503,45
1885,10,1,Outbound,2102,10
2839,14,2,Inbound,4402,38
2958,4,3,Inbound,1201,12
2106,13,2,Inbound,4104,2
2845,14,2,Inbound,4404,32
1585,3,1,Inbound,1101,19
1557,3,1,Outbound,1101,27
1470,2,1,Outbound,1001,42
1907,10,1,Inbound,2101,9
210,12,3,Inbound,1503,23
883,19,2,Inbound,5402,35
1204,22,2,Inbound,5702,5
1538,3,1,Outbound,1104,27
1501,2,2,Outbound,1001,42
938,2,3,Inbound,1001,37
159,11,3,Inbound,2202,31
1886,10,1,Outbound,2101,10
2265,22,1,Inbound,5703,5
1448,1,3,Outbound,802,22
1481,2,1,Outbound,1001,42
886,19,2,Inbound,5401,35
2518,14,1,Outbound,4401,14
912,19,3,Inbound,5402,35
895,19,3,Outbound,5401,29
2323,25,1,Outbound,6002,3
1989,13,1,Outbound,1101,13
1916,10,1,Inbound,2102,9
1971,12,1,Outbound,1503,24
430,24,3,Outbound,4406,20
2042,13,1,Inbound,1102,2
2216,19,1,Inbound,5401,35
1663,5,1,Inbound,801,39
84,10,2,Inbound,2101,9
1809,8,3,Outbound,1801,26
854,7,3,Inbound,1701,16
1163,15,3,Outbound,4601,21
1954,11,1,Inbound,2202,31
1596,4,1,Outbound,1201,0
112,10,3,Inbound,2101,9
440,24,3,Inbound,4402,28
2732,16,3,Outbound,4701,18
924,2,3,Outbound,1001,42
2037,13,1,Inbound,1104,2
1259,26,3,Inbound,7001,6
2296,23,3,Inbound,4405,4
1173,15,3,Inbound,4601,17
1093,8,2,Outbound,1801,26
1565,3,1,Inbound,1101,19
2870,14,2,Outbound,4404,14
1517,2,2,Inbound,1001,37
2517,14,1,Outbound,4404,14
1838,9,1,Outbound,2001,30
2120,15,1,Outbound,4602,21
1073,32,3,Outbound,1503,40
2479,14,1,Outbound,4402,14
2476,14,1,Outbound,4403,14
2098,13,2,Inbound,4104,2
1132,14,2,Outbound,4403,14
2866,14,2,Outbound,4406,14
55,9,3,Inbound,2001,33
1142,15,2,Inbound,4602,17
1576,3,1,Inbound,1103,19
2627,13,3,Inbound,1102,2
68,10,2,Outbound,2101,10
2348,25,2,Outbound,6001,3
2960,12,3,Inbound,1501,23
1930,11,1,Outbound,2202,36
2765,23,1,Outbound,5802,1
2001,13,1,Outbound,1101,13
1491,2,1,Inbound,1001,37
2236,22,1,Outbound,5703,15
2939,4,3,Outbound,1201,0
2734,16,3,Outbound,4703,18
1768,7,1,Inbound,1701,16
2937,4,3,Outbound,1201,0
2881,14,3,Outbound,4401,14
432,24,3,Outbound,4405,20
2882,14,3,Outbound,4404,14
2833,14,2,Inbound,4402,32
2772,23,1,Outbound,5801,1
2226,19,1,Inbound,5401,35
2478,14,1,Outbound,4401,14
584,23,2,Outbound,4402,1
1643,5,1,Outbound,802,41
2731,16,3,Outbound,4703,18
1128,14,2,Outbound,4402,14
2477,14,1,Outbound,4404,14
2140,15,1,Inbound,4601,17
2229,19,1,Inbound,5402,35
2709,7,2,Inbound,1702,16
1090,8,2,Outbound,1802,26
2712,7,2,Inbound,1701,16
72,10,2,Outbound,2101,10
227,16,1,Outbound,4703,18
2837,14,2,Inbound,4403,32
1265,26,3,Inbound,7001,6
1900,10,1,Outbound,2101,10
1651,5,1,Outbound,802,41
2908,14,3,Inbound,4401,32
2992,8,1,Inbound,1802,25
2740,16,3,Outbound,4703,18
1649,5,1,Outbound,802,41
1625,4,1,Inbound,1201,12
2757,16,3,Inbound,4702,8
1656,5,1,Outbound,801,41
1806,8,3,Outbound,1802,26
1509,2,2,Outbound,1001,42
2294,23,3,Inbound,4406,4
1568,3,1,Inbound,1103,19
90,10,3,Outbound,2101,10
1457,1,3,Inbound,802,34
1054,32,2,Inbound,1502,45
1747,7,1,Outbound,1701,11
161,11,3,Inbound,2202,31
2078,13,2,Outbound,4102,13
2471,26,2,Inbound,7001,6
2325,25,1,Inbound,6002,43
2667,4,2,Inbound,1202,12
585,23,2,Outbound,4403,1
2583,1,1,Outbound,801,22
2574,1,1,Outbound,802,22
2700,7,2,Outbound,1702,11
2288,23,3,Outbound,4402,1
2876,14,3,Outbound,4404,14
1807,8,3,Outbound,1801,26
1526,2,2,Inbound,1001,37
1766,7,1,Inbound,1701,16
1913,10,1,Inbound,2101,9
2331,25,1,Inbound,6002,43
1108,9,3,Inbound,2001,33
1947,11,1,Inbound,2201,31
593,23,2,Outbound,4402,1
1202,22,2,Inbound,5702,5
2572,1,1,Outbound,802,22
1097,8,2,Outbound,1801,26
2239,22,1,Outbound,5703,15
1036,32,2,Outbound,1502,40
1641,5,1,Outbound,802,41
2228,19,1,Inbound,5401,35
